0 569.9149169921875
60.65584432483469 569.011962890625
121.31168864966938 568.5831298828125
181.96753297450408 568.1507568359375
242.62337729933876 567.7184448242188
303.27922162417343 567.2861328125
363.93506594900816 567.4345092773438
424.59091027384284 567.2142944335938
485.2467545986775 567.0516357421875
545.9025989235122 567.310546875
606.5584432483469 567.5140380859375
667.2142875731815 567.426513671875
727.8701318980163 567.1322021484375
788.525976222851 567.5184326171875
849.1818205476857 567.8732299804688
909.8376648725203 567.0586547851562
970.493509197355 565.9388427734375
1031.1493535221898 565.35400390625
1091.8051978470244 565.3157958984375
1152.4610421718592 564.8222045898438
1213.1168864966937 565.1587524414062
1273.7727308215285 565.351806640625
1334.428575146363 564.9373168945312
1395.0844194711979 564.9356689453125
1455.7402637960327 565.06396484375
1516.3961081208672 564.8656005859375
1577.051952445702 565.9033813476562
1637.7077967705366 567.1232299804688
1698.3636410953713 567.535400390625
1759.019485420206 567.8023071289062
1819.6753297450407 567.3267822265625
1880.3311740698753 567.0640258789062
1940.98701839471 566.0957641601562
2001.6428627195448 564.8974609375
2062.2987070443796 563.4160766601562
2122.954551369214 561.44970703125
2183.6103956940487 560.5361328125
2244.2662400188833 559.3462524414062
2304.9220843437183 558.2228393554688
2365.577928668553 557.3087158203125
2426.2337729933874 555.9759521484375
2486.8896173182225 555.12744140625
2547.545461643057 555
2608.2013059678916 554.7449340820312
2668.857150292726 554.0537109375
2729.512994617561 554.0026245117188
2790.1688389423957 553.6712646484375
2850.8246832672303 552.9800415039062
2911.4805275920653 552.5889282226562
2972.1363719169 552.1428833007812
3032.7922162417344 550.8201293945312
3093.448060566569 549.93505859375
3154.103904891404 549.4473876953125
3214.7597492162386 549.5390625
3275.415593541073 549.10693359375
3336.0714378659077 549.4035034179688
3396.7272821907427 550.2411499023438
3457.3831265155773 550.742919921875
3518.038970840412 549.518798828125
3578.694815165247 548.477783203125
3639.3506594900814 547.9688110351562
3700.006503814916 548.19580078125
3760.6623481397505 548.35009765625
3821.3181924645855 548.7197875976562
3881.97403678942 548.1307373046875
3942.6298811142547 548
4003.2857254390897 547.6892700195312
4063.9415697639242 546.1337890625
4124.597414088759 545.0531005859375
4185.253258413593 544.5682373046875
4245.909102738428 544.7570190429688
4306.5649470632625 544.296875
4367.2207913880975 543.7979125976562
4427.8766357129325 543.0068359375
4488.532480037767 542.6823120117188
4549.188324362602 542.9796142578125
4609.844168687437 542.9735717773438
4670.500013012271 542.3701782226562
4731.155857337106 542.3304443359375
4791.811701661941 542.3043823242188
4852.467545986775 542
4913.12339031161 542
4973.779234636445 542
5034.435078961279 542
5095.090923286114 542.5103759765625
5155.746767610948 542.1365356445312
5216.402611935783 540.5811767578125
5277.058456260618 540.25390625
5337.714300585452 541.1680908203125
5398.370144910287 541.9634399414062
5459.025989235122 541.7041625976562
5519.681833559956 541.4449462890625
5580.337677884791 540.9605102539062
5640.9935222096265 540.3914794921875
5701.649366534461 538.8057861328125
5762.305210859296 537.3133544921875
5822.961055184131 537.0445556640625
5883.616899508965 537.1969604492188
5944.2727438338 536.7521362304688
6004.928588158634 535.7100219726562
6065.584432483469 536.697509765625
6126.240276808304 536.8695068359375
6186.896121133138 536.9751586914062
6247.551965457973 536.2694702148438
6308.207809782808 535.7907104492188
6368.863654107642 534.9588012695312
6429.519498432477 533.9059448242188
6490.175342757312 532.7122802734375
6550.831187082146 531.9630126953125
6611.487031406981 532.2223510742188
6672.142875731815 531.29248046875
6732.79872005665 530.3568115234375
6793.454564381485 530.954833984375
6854.1104087063195 530.6162719726562
6914.7662530311545 529.849609375
6975.4220973559895 529.2672119140625
7036.077941680824 529.909423828125
7096.733786005659 529.93408203125
7157.389630330494 530
7218.045474655328 530
7278.701318980163 529.396240234375
7339.357163304998 528.293701171875
7400.013007629832 527.9634399414062
7460.668851954667 528.556396484375
7521.324696279501 528.3015747070312
7581.980540604336 527.0527954101562
7642.636384929171 528.2606811523438
7703.292229254005 528.2326049804688
7763.94807357884 528.888427734375
7824.603917903675 530.7029418945312
7885.259762228509 531.726318359375
7945.915606553344 531.7393798828125
8006.571450878179 529.6654663085938
8067.227295203013 529.0116577148438
8127.8831395278485 528.9121704101562
8188.538983852683 528.902587890625
8249.194828177519 528.4566040039062
8309.850672502353 527.8240966796875
8370.506516827187 527.073974609375
8431.162361152023 527.2388305664062
8491.818205476857 526.736328125
8552.47404980169 526.4768676757812
8613.129894126525 527.6000366210938
8673.78573845136 528.340576171875
8734.441582776195 528.7723999023438
8795.09742710103 529.408447265625
8855.753271425865 530.2500610351562
8916.4091157507 530.5596313476562
8977.064960075533 530.8514404296875
9037.72080440037 530.5836791992188
9098.376648725203 531.1043701171875
9159.032493050037 527.3882446289062
9219.688337374873 525.218017578125
9280.344181699707 524.9475708007812
9341.000026024542 525.1968994140625
9401.655870349377 526.317626953125
9462.311714674212 528.1702880859375
9522.967558999046 527.7161254882812
9583.623403323882 527.0515747070312
9644.279247648716 528.879150390625
9704.93509197355 532.342529296875
9765.590936298386 532.339111328125
9826.24678062322 529.6217041015625
9886.902624948054 529.7527465820312
9947.55846927289 527.8368530273438
10008.214313597724 529.5594482421875
10068.870157922558 527.5844116210938
10129.526002247392 526.0499877929688
10190.181846572228 525.1311645507812
10250.837690897062 524.4503173828125
10311.493535221896 524.0894775390625
10372.149379546732 523.783447265625
10432.805223871566 523.6572875976562
10493.4610681964 523.0797729492188
10554.116912521236 522.5121459960938
10614.77275684607 522.1201782226562
10675.428601170905 521.835693359375
10736.08444549574 521.6950073242188
10796.740289820575 521.52392578125
10857.396134145409 521.3800659179688
10918.051978470245 521.4608764648438
10978.707822795079 521.2904663085938
11039.363667119913 521.2318725585938
11100.019511444749 521.0819702148438
11160.675355769583 521.0205078125
11221.331200094417 521.047607421875
11281.987044419253 521.2706909179688
11342.642888744087 521.0838012695312
11403.298733068921 520.8193359375
11463.954577393757 520.8612060546875
11524.610421718591 520.8485717773438
11585.266266043425 520.814697265625
11645.922110368261 520.8716430664062
11706.577954693095 521.0803833007812
11767.23379901793 521.44873046875
11827.889643342764 521.68310546875
11888.5454876676 521.8701171875
11949.201331992434 522.006591796875
12009.857176317268 522.202392578125
12070.513020642104 522.21728515625
12131.168864966938 522.456787109375
12191.824709291772 522.5780639648438
12252.480553616608 522.76171875
12313.136397941442 522.7245483398438
12373.792242266276 522.9860229492188
12434.448086591112 523.4447631835938
12495.103930915946 523.707275390625
12555.75977524078 523.9931640625
12616.415619565616 524.2598876953125
12677.07146389045 524.6060791015625
12737.727308215284 524.5894165039062
12798.38315254012 524.5957641601562
12859.038996864954 524.5545043945312
12919.694841189788 524.6084594726562
12980.350685514624 524.9486694335938
13041.006529839458 529.5693969726562
13101.662374164292 526.66015625
13162.318218489128 557.8184814453125
13222.974062813963 593.727294921875
13283.629907138797 627.9038696289062
13344.28575146363 683.3291015625
13404.941595788467 682.90673828125
13465.5974401133 685.3758544921875
13526.253284438135 683.1990966796875
13586.90912876297 693.4708862304688
13647.564973087805 709.5563354492188
13708.220817412639 715.77783203125
13768.876661737475 692.0267333984375
13829.532506062309 626.1661376953125
13890.188350387143 544.7088012695312
13950.844194711979 516.9465942382812
14011.500039036813 516.2255249023438
14072.155883361647 516.1282348632812
14132.811727686483 516.07958984375
14193.467572011317 516.2017822265625
14254.123416336151 515.7322387695312
14314.779260660987 515.7501831054688
14375.435104985821 516.517822265625
14436.090949310656 516.7464599609375
14496.746793635491 516.7269897460938
14557.402637960326 516.7906494140625
14618.05848228516 516.8683471679688
14678.714326609996 516.60888671875
14739.37017093483 516.3855590820312
14800.026015259664 516.2039794921875
14860.681859584498 516.134521484375
14921.337703909334 516.1820068359375
14981.993548234168 516.2457885742188
15042.649392559002 516.6067504882812
15103.305236883838 516.9120483398438
15163.961081208672 516.5999145507812
15224.616925533506 516.261474609375
15285.272769858342 516.2813720703125
15345.928614183176 516.20947265625
15406.58445850801 516.0546264648438
15467.240302832846 516.0645751953125
15527.89614715768 516.0306396484375
15588.551991482514 516.0442504882812
15649.20783580735 516.2445678710938
15709.863680132185 516.5244750976562
15770.519524457019 516.621337890625
15831.175368781855 516.7918701171875
15891.831213106689 516.8600463867188
15952.487057431523 516.8150634765625
16013.142901756359 516.9569091796875
16073.798746081193 517.080810546875
16134.454590406027 517.0936889648438
16195.110434730863 517.0572509765625
16255.766279055697 517.3184204101562
16316.422123380531 517.7623291015625
16377.077967705365 518.35546875
16437.7338120302 519.524658203125
16498.389656355037 522.4713745117188
16559.04550067987 522.3181762695312
16619.701345004705 515.5692749023438
16680.35718932954 515.031005859375
16741.013033654373 516.0883178710938
16801.66887797921 517.575927734375
16862.324722304045 514.029052734375
16922.980566628878 513.728759765625
16983.636410953713 513.7023315429688
17044.29225527855 514.1302490234375
17104.94809960338 514.9527587890625
17165.603943928218 516.1979370117188
17226.25978825305 518.500244140625
17286.915632577886 521.6849365234375
17347.57147690272 514.7347412109375
17408.227321227554 514.3840942382812
17468.88316555239 514.6829833984375
17529.539009877226 515.1192626953125
17590.19485420206 514.683349609375
17650.850698526894 514.5383911132812
17711.50654285173 514.6612548828125
17772.162387176562 514.8200073242188
17832.8182315014 515.101318359375
17893.474075826234 515.5089721679688
17954.129920151066 516.28369140625
18014.785764475902 516.0894775390625
18075.44160880074 514.5975341796875
18136.09745312557 515.007080078125
18196.753297450407 515.545166015625
18257.409141775242 515.8384399414062
18318.064986100075 514.6188354492188
18378.72083042491 515.981689453125
18439.376674749747 517.822509765625
18500.03251907458 519.92333984375
18560.688363399415 523.1864624023438
18621.34420772425 522.0805053710938
18682.000052049083 519.7360229492188
18742.65589637392 518.1627807617188
18803.311740698755 516.9044799804688
18863.967585023587 515.7769775390625
18924.623429348423 515.758544921875
18985.27927367326 515.4755249023438
19045.93511799809 515.0570068359375
19106.590962322927 514.265625
19167.246806647763 514.38623046875
19227.902650972595 514.3823852539062
19288.55849529743 514.4898681640625
19349.214339622267 514.8834838867188
19409.8701839471 515.1947631835938
19470.526028271936 515.1139526367188
19531.18187259677 515.3219604492188
19591.837716921604 516.9127807617188
19652.49356124644 518.26953125
19713.149405571276 517.9979248046875
19773.805249896108 517.59228515625
19834.461094220944 516.585693359375
19895.11693854578 515.7329711914062
19955.772782870612 514.40966796875
20016.428627195448 514.2678833007812
20077.084471520284 514.8037719726562
20137.740315845116 514.0593872070312
20198.396160169952 514
20259.052004494784 514
20319.70784881962 514
20380.363693144456 513.3383178710938
20441.01953746929 512.6746826171875
20501.675381794124 512.450439453125
20562.33122611896 513.6307373046875
20622.987070443793 514.1113891601562
20683.64291476863 513.3954467773438
20744.298759093464 513.4811401367188
20804.954603418297 513.16845703125
20865.610447743133 513.0682373046875
20926.26629206797 513.7306518554688
20986.9221363928 514.6028442382812
21047.577980717637 515.06640625
21108.233825042473 515
21168.889669367305 517.055419921875
21229.54551369214 518.7242431640625
21290.201358016977 518.8359375
21350.85720234181 517.377197265625
21411.513046666645 516.7001342773438
21472.16889099148 517.1309814453125
21532.824735316313 518.0328369140625
21593.48057964115 517.625244140625
21654.136423965985 516.3988037109375
21714.792268290817 514.818115234375
21775.448112615653 513.9166870117188
21836.10395694049 514.6397094726562
21896.75980126532 516.0474853515625
21957.415645590158 518.0245971679688
22018.071489914993 519.4498901367188
22078.727334239826 519.776123046875
22139.38317856466 517.623291015625
22200.039022889498 515.0167236328125
22260.69486721433 513.3204956054688
22321.350711539166 512.1401977539062
22382.006555864 512.5661010742188
22442.662400188834 513
22503.31824451367 512.553466796875
22563.974088838506 512.6717529296875
22624.629933163338 513.8165893554688
22685.285777488174 514.1341552734375
22745.94162181301 513.9467163085938
22806.597466137842 513.7199096679688
22867.25331046268 514
22927.909154787514 514
22988.564999112346 514.4396362304688
23049.220843437182 514.275146484375
23109.87668776202 513.298828125
23170.53253208685 513.0115966796875
23231.188376411686 512.3443603515625
23291.844220736522 512.1859130859375
23352.500065061355 512.2078857421875
23413.15590938619 511.1944580078125
23473.811753711023 511
23534.46759803586 511
23595.123442360695 511
23655.779286685527 511
23716.435131010363 511.8727111816406
23777.0909753352 512.2758178710938
23837.74681966003 512.1748657226562
23898.402663984867 512.9349365234375
23959.058508309703 514.4605102539062
24019.714352634535 515
24080.37019695937 514.9437255859375
24141.026041284207 514.9917602539062
24201.68188560904 515.6702880859375
24262.337729933875 516.4951782226562
24322.99357425871 516.7447509765625
24383.649418583544 515.9847412109375
24444.30526290838 515.2246704101562
24504.961107233215 515
24565.616951558048 514.5479125976562
24626.272795882884 512.9270629882812
24686.92864020772 512.1343383789062
24747.584484532552 512.5755615234375
24808.240328857388 512.7387084960938
24868.896173182224 511.9969482421875
24929.552017507056 511.7559509277344
24990.207861831892 511.74560546875
25050.863706156728 511.3380432128906
25111.51955048156 510.7798461914062
25172.175394806396 509.7744750976562
25232.831239131232 510.1040954589844
25293.487083456064 510.6918640136719
25354.1429277809 511.33154296875
25414.798772105736 512.2883911132812
25475.45461643057 512.5658569335938
25536.110460755404 515.5567016601562
25596.76630508024 518.7127075195312
25657.422149405073 517.699462890625
25718.07799372991 515.2134399414062
25778.733838054744 512.5130004882812
25839.389682379577 510.4237365722656
25900.045526704413 508.9890441894531
25960.70137102925 508.6828918457031
26021.35721535408 509.46484375
26082.013059678917 510.0399475097656
26142.668904003753 509.6484069824219
26203.324748328585 509.3951110839844
26263.98059265342 509.1418151855469
26324.636436978257 509.1879272460938
26385.29228130309 509.4645080566406
26445.948125627925 510.6967468261719
26506.603969952757 513.0651245117188
26567.259814277593 514.9835205078125
26627.91565860243 515.9544067382812
26688.57150292726 515.5673828125
26749.227347252097 514.4485473632812
26809.883191576933 513.1357421875
26870.539035901766 511.4393615722656
26931.1948802266 510.0020141601562
26991.850724551437 510.1911010742188
27052.50656887627 511.721923828125
27113.162413201106 512.7596435546875
27173.81825752594 513.3116455078125
27234.474101850774 513.9209594726562
27295.12994617561 513.9404296875
27355.785790500446 514.1860961914062
27416.441634825278 514.3370971679688
27477.097479150114 513.7922973632812
27537.75332347495 514.7273559570312
27598.409167799782 515.8096313476562
27659.065012124618 516.2356567382812
27719.720856449454 515.8262939453125
27780.376700774286 514.8796997070312
27841.032545099122 513.0533447265625
27901.688389423958 510.59619140625
27962.34423374879 509
28023.000078073626 509
28083.655922398462 508.7820434570312
28144.311766723295 507.8780822753906
28204.96761104813 506.3010864257812
28265.623455372966 504.8490905761719
28326.2792996978 503.6968383789062
28386.935144022635 503.6832885742188
28447.59098834747 503.8768615722656
28508.246832672303 504.1408996582031
28568.90267699714 504.5280456542969
28629.558521321975 504.5792236328125
28690.214365646807 505.15966796875
28750.870209971643 506.0835876464844
28811.52605429648 507.021728515625
28872.18189862131 506.8251647949219
28932.837742946147 507.6242370605469
28993.493587270983 508.2379760742188
29054.149431595815 508.345703125
29114.80527592065 507.1304931640625
29175.461120245487 507.1630859375
29236.11696457032 505.9520874023438
29296.772808895155 505.2948608398438
29357.42865321999 506.5917663574219
29418.084497544824 507.7684326171875
29478.74034186966 506.9949645996094
29539.39618619449 505.5687255859375
29600.052030519328 504.4044799804688
29660.707874844164 504.4267883300781
29721.363719168996 505.4983825683594
29782.01956349383 506.7557983398438
29842.675407818668 507.5238037109375
29903.3312521435 507.0028686523438
29963.987096468336 504.1451721191406
30024.642940793172 502.4989013671875
30085.298785118004 502.5550537109375
30145.95462944284 503.916015625
30206.610473767676 504.8935546875
30267.26631809251 505.9360961914062
30327.922162417344 507.0447387695312
30388.57800674218 508.2113342285156
30449.233851067012 508.7918701171875
30509.88969539185 510.1719055175781
30570.545539716684 509.7831420898438
30631.201384041517 508.9627990722656
30691.857228366353 508.0380249023438
30752.51307269119 508.2315368652344
30813.16891701602 509.0332641601562
30873.824761340857 509.7644653320312
30934.480605665693 509.2750244140625
30995.136449990525 505.32275390625