0.000000000000000000e+00 1.015203910784272375e+04
1.000000000000000056e-01 1.009955639349703415e+04
2.000000000000000111e-01 1.004124278579372185e+04
3.000000000000000444e-01 1.007849599407012283e+04
4.000000000000000222e-01 1.018656559927209310e+04
5.000000000000000000e-01 1.006794544247335762e+04
6.000000000000000888e-01 1.012555829706948134e+04
7.000000000000000666e-01 1.015305544477267540e+04
8.000000000000000444e-01 1.008936081817751801e+04
9.000000000000000222e-01 1.014922287644299831e+04
1.000000000000000000e+00 1.017389448364591590e+04
1.100000000000000089e+00 1.000088913431114270e+04
1.200000000000000178e+00 1.003895663213837361e+04
1.300000000000000044e+00 1.008737348569636379e+04
1.400000000000000133e+00 1.001256111187889837e+04
1.500000000000000000e+00 1.016855427498288918e+04
1.600000000000000089e+00 1.010916403864624590e+04
1.700000000000000178e+00 1.003585825318681236e+04
1.800000000000000044e+00 1.000383136982797441e+04
1.900000000000000133e+00 1.001729859165427479e+04
2.000000000000000000e+00 1.015911193667834777e+04
2.100000000000000089e+00 1.015370253456708815e+04
2.200000000000000178e+00 1.007990871889688606e+04
2.300000000000000266e+00 1.008186350893360031e+04
2.400000000000000355e+00 1.003851005441372763e+04
2.500000000000000000e+00 1.015213379320476452e+04
2.600000000000000089e+00 1.003410153416712637e+04
2.700000000000000178e+00 1.017861689981848031e+04
2.800000000000000266e+00 1.003781067042616269e+04
2.900000000000000355e+00 1.012423416666172125e+04
3.000000000000000000e+00 1.012653404667788345e+04
3.100000000000000089e+00 1.007940564984589764e+04
3.200000000000000178e+00 1.017444694558200354e+04
3.300000000000000266e+00 1.016215862378938073e+04
3.400000000000000355e+00 1.014901906655185303e+04
3.500000000000000000e+00 1.011474907533543228e+04
3.600000000000000089e+00 1.012137080330649769e+04
3.700000000000000178e+00 1.018358923852460975e+04
3.800000000000000266e+00 1.019728186066361559e+04
3.900000000000000355e+00 1.004993513939496552e+04
4.000000000000000000e+00 1.013723239101083891e+04
4.100000000000000533e+00 1.016439401471306519e+04
4.200000000000000178e+00 1.016488290701018377e+04
4.299999999999999822e+00 1.012413358150235399e+04
4.400000000000000355e+00 1.011112523123016035e+04
4.500000000000000000e+00 1.015101517846480601e+04
4.600000000000000533e+00 1.004041267741145566e+04
4.700000000000000178e+00 1.015750827715825653e+04
4.800000000000000711e+00 1.001655433487817936e+04
4.900000000000000355e+00 1.016756318919755904e+04
5.000000000000000000e+00 1.005579785846376944e+04
5.100000000000000533e+00 1.019887830132807721e+04
5.200000000000000178e+00 1.014808204743815440e+04
5.300000000000000711e+00 1.011769682935481251e+04
5.400000000000000355e+00 1.005058602058144606e+04
5.500000000000000000e+00 1.013209009483509908e+04
5.600000000000000533e+00 1.013323465745957583e+04
5.700000000000000178e+00 1.017409174246943257e+04
5.800000000000000711e+00 1.017282108161976248e+04
5.900000000000000355e+00 1.002066998202530158e+04
6.000000000000000000e+00 1.012829866720085374e+04
6.100000000000000533e+00 1.010291536531496968e+04
6.200000000000000178e+00 1.007557474334690596e+04
6.300000000000000711e+00 1.010270137515644274e+04
6.400000000000000355e+00 1.011335363347405291e+04
6.500000000000000000e+00 1.016183916838562436e+04
6.600000000000000533e+00 1.010421027261170457e+04
6.700000000000000178e+00 1.005798522496077203e+04
6.800000000000000711e+00 1.008359591622114931e+04
6.900000000000000355e+00 1.019993755529957525e+04
7.000000000000000000e+00 1.019996483627181806e+04
7.100000000000000533e+00 1.000600325983333823e+04
7.200000000000000178e+00 1.012922032378968106e+04
7.300000000000000711e+00 1.002355727691007633e+04
7.400000000000000355e+00 1.015425019396858806e+04
7.500000000000000000e+00 1.009553476887243414e+04
7.600000000000000533e+00 1.011110755861193866e+04
7.700000000000000178e+00 1.002101766423206936e+04
7.800000000000000711e+00 1.007725342482588167e+04
7.900000000000000355e+00 1.018188294219469208e+04
8.000000000000000000e+00 1.007530828538525748e+04
8.099999999999999645e+00 1.011451200090686507e+04
8.200000000000001066e+00 1.003225856671094152e+04
8.300000000000000711e+00 1.013509101128746079e+04
8.400000000000000355e+00 1.019974713154622259e+04
8.500000000000000000e+00 1.009479986744059715e+04
8.599999999999999645e+00 1.012002520148607800e+04
8.700000000000001066e+00 1.004939256780125652e+04
8.800000000000000711e+00 1.017075921070589538e+04
8.900000000000000355e+00 1.008485551409113941e+04
9.000000000000000000e+00 1.009625246656150011e+04
9.099999999999999645e+00 1.002294130107283672e+04
9.200000000000001066e+00 1.008804217648290069e+04
9.300000000000000711e+00 1.005215436214155125e+04
9.400000000000000355e+00 1.012406199411433954e+04
9.500000000000000000e+00 1.000681198550702538e+04
9.600000000000001421e+00 1.000494137716058685e+04
9.700000000000001066e+00 1.011786660091042540e+04
9.800000000000000711e+00 1.006860154803866499e+04
9.900000000000000355e+00 1.000132929574979244e+04
1.000000000000000000e+01 1.015874234425662144e+04
1.010000000000000142e+01 1.012710165423084072e+04
1.020000000000000107e+01 1.019941215593383822e+04
1.030000000000000071e+01 1.008342313865898359e+04
1.040000000000000036e+01 1.018747992917454394e+04
1.050000000000000000e+01 1.016396433291710673e+04
1.060000000000000142e+01 1.016663368419880680e+04
1.070000000000000107e+01 1.011043205774621310e+04
1.080000000000000071e+01 1.007149737158023345e+04
1.090000000000000036e+01 1.006058901788941512e+04
1.100000000000000000e+01 1.015231533115589082e+04
1.110000000000000142e+01 1.002041587013094068e+04
1.120000000000000107e+01 1.007957025827943107e+04
1.130000000000000071e+01 1.003675434304953706e+04
1.140000000000000036e+01 1.000266638442185649e+04
1.150000000000000000e+01 1.014364647222949679e+04
1.160000000000000142e+01 1.009216201863770948e+04
1.170000000000000107e+01 1.004267117491099634e+04
1.180000000000000071e+01 1.010630476310863742e+04
1.190000000000000036e+01 1.000677460913614050e+04
1.200000000000000000e+01 1.000097424976080219e+04
1.210000000000000142e+01 1.010712923918105480e+04
1.220000000000000107e+01 1.014169727896028780e+04
1.230000000000000071e+01 1.013136790190905231e+04
1.240000000000000036e+01 1.019618045560348946e+04
1.250000000000000000e+01 1.013934071834932547e+04
1.260000000000000142e+01 1.014137752190265564e+04
1.270000000000000107e+01 1.005214617914422161e+04
1.280000000000000071e+01 1.011665510448128953e+04
1.290000000000000036e+01 1.014669459154386641e+04
1.300000000000000000e+01 1.012464607201863328e+04
1.310000000000000142e+01 1.010510062547846974e+04
1.320000000000000107e+01 1.017403783604539785e+04
1.330000000000000071e+01 1.001085036304798996e+04
1.340000000000000036e+01 1.005974603324372765e+04
1.350000000000000000e+01 1.000168459284196251e+04
1.360000000000000142e+01 1.007273144414236594e+04
1.370000000000000107e+01 1.007877581436107175e+04
1.380000000000000071e+01 1.005108569949905177e+04
1.390000000000000036e+01 1.009411995290487903e+04
1.400000000000000000e+01 1.017868509704138160e+04
1.410000000000000142e+01 1.003420190298493435e+04
1.420000000000000107e+01 1.010606122491188580e+04
1.430000000000000071e+01 1.016365412187046422e+04
1.440000000000000036e+01 1.012917255589147680e+04
1.450000000000000000e+01 1.014781358324406028e+04
1.460000000000000142e+01 1.007605249207509951e+04
1.470000000000000107e+01 1.012905306957193534e+04
1.480000000000000071e+01 1.008185892058302306e+04
1.490000000000000036e+01 1.009312806670531427e+04
1.500000000000000000e+01 1.004289027482693382e+04
1.510000000000000142e+01 1.004824182394916534e+04
1.520000000000000107e+01 1.000976173285674304e+04
1.530000000000000071e+01 1.014625001366106517e+04
1.540000000000000036e+01 1.007084374004761594e+04
1.550000000000000000e+01 1.010583460943682803e+04
1.560000000000000142e+01 1.011044436680729632e+04
1.570000000000000107e+01 1.012524661702035155e+04
1.580000000000000071e+01 1.015345086041305694e+04
1.590000000000000036e+01 1.012494705996887205e+04
1.600000000000000000e+01 1.006042089051550101e+04
1.610000000000000142e+01 1.002388703456001349e+04
1.619999999999999929e+01 1.015617349621669200e+04
1.630000000000000071e+01 1.015829458229758529e+04
1.640000000000000213e+01 1.010843245760227364e+04
1.650000000000000000e+01 1.004285066211583762e+04
1.660000000000000142e+01 1.018674789709347351e+04
1.669999999999999929e+01 1.001840224766083520e+04
1.680000000000000071e+01 1.006295084435424360e+04
1.690000000000000213e+01 1.010140078191470820e+04
1.700000000000000000e+01 1.006912642810555553e+04
1.710000000000000142e+01 1.011175708988021506e+04
1.719999999999999929e+01 1.001792209144107255e+04
1.730000000000000071e+01 1.011990852440991875e+04
1.740000000000000213e+01 1.018342712618514088e+04
1.750000000000000000e+01 1.015896488952567779e+04
1.760000000000000142e+01 1.008102389449251677e+04
1.769999999999999929e+01 1.013418689205657029e+04
1.780000000000000071e+01 1.009459495261950724e+04
1.790000000000000213e+01 1.017388175453480835e+04
1.800000000000000000e+01 1.013745193172670224e+04
1.810000000000000142e+01 1.011699630694623193e+04
1.819999999999999929e+01 1.004210167360048035e+04
1.830000000000000071e+01 1.016331190904931100e+04
1.840000000000000213e+01 1.016853668232143173e+04
1.850000000000000000e+01 1.014430554837683485e+04
1.860000000000000142e+01 1.019449707551068786e+04
1.869999999999999929e+01 1.011054099133845193e+04
1.880000000000000071e+01 1.016008529391267257e+04
1.890000000000000213e+01 1.001891132542667583e+04
1.900000000000000000e+01 1.018068411070608454e+04
1.910000000000000142e+01 1.018938876310444175e+04
1.920000000000000284e+01 1.014365548995919744e+04
1.930000000000000071e+01 1.007983467161993030e+04
1.940000000000000213e+01 1.009976855040731607e+04
1.950000000000000000e+01 1.003567477588571455e+04
1.960000000000000142e+01 1.002001495020888069e+04
1.970000000000000284e+01 1.000956261584061031e+04
1.980000000000000071e+01 1.007677000679129014e+04
1.990000000000000213e+01 1.013317686803027209e+04
2.000000000000000000e+01 1.008091406429792551e+04
2.010000000000000142e+01 1.013783424800752618e+04
2.020000000000000284e+01 1.017217714646111745e+04
2.030000000000000071e+01 1.000782855096543426e+04
2.040000000000000213e+01 1.000020048605656666e+04
2.050000000000000000e+01 1.002824607107286283e+04
2.060000000000000142e+01 1.014308524810039489e+04
2.070000000000000284e+01 1.012098225844686567e+04
2.080000000000000071e+01 1.011592413904765999e+04
2.090000000000000213e+01 1.006023050732699812e+04
2.100000000000000000e+01 1.017546741936052604e+04
2.110000000000000142e+01 1.003347236003010039e+04
2.120000000000000284e+01 1.005034670511871082e+04
2.130000000000000071e+01 1.006205483472980995e+04
2.140000000000000213e+01 1.019169300764192303e+04
2.150000000000000000e+01 1.017852459905479191e+04
2.160000000000000142e+01 1.011801199394399373e+04
2.170000000000000284e+01 1.007828130784588575e+04
2.180000000000000071e+01 1.019337276683480741e+04
2.190000000000000213e+01 1.011712985984762963e+04
2.200000000000000000e+01 1.008135082228501960e+04
2.210000000000000142e+01 1.011620382438936394e+04
2.220000000000000284e+01 1.002808231315116245e+04
2.230000000000000071e+01 1.019579893366587930e+04
2.240000000000000213e+01 1.013111836904817574e+04
2.250000000000000000e+01 1.006166024293153532e+04
2.260000000000000142e+01 1.010560923772142996e+04
2.270000000000000284e+01 1.001104668903576203e+04
2.280000000000000071e+01 1.019315012422141626e+04
2.290000000000000213e+01 1.006633310624531805e+04
2.300000000000000000e+01 1.019311100984020595e+04
2.310000000000000142e+01 1.001445798483745602e+04
2.320000000000000284e+01 1.004841249505904125e+04
2.330000000000000071e+01 1.002208679618715360e+04
2.340000000000000213e+01 1.003671570740805328e+04
2.350000000000000000e+01 1.004259743866041390e+04
2.360000000000000142e+01 1.005590842816824443e+04
2.370000000000000284e+01 1.016308230521734549e+04
2.380000000000000071e+01 1.003418773223049902e+04
2.390000000000000213e+01 1.012319112103957195e+04
2.400000000000000000e+01 1.009686788304252877e+04
2.410000000000000142e+01 1.016423057429462278e+04
2.420000000000000284e+01 1.001362568017533704e+04
2.430000000000000071e+01 1.000974907887752852e+04
2.440000000000000213e+01 1.016513189537771723e+04
2.450000000000000000e+01 1.016202640593873184e+04
2.460000000000000142e+01 1.018049341260570327e+04
2.470000000000000284e+01 1.014600771253850507e+04
2.480000000000000071e+01 1.007083998070642519e+04
2.490000000000000213e+01 1.002730767044402637e+04
2.500000000000000000e+01 1.016965140443686141e+04
2.510000000000000142e+01 1.009078844411061982e+04
2.520000000000000284e+01 1.002014705909695658e+04
2.530000000000000071e+01 1.000563632594051705e+04
2.540000000000000213e+01 1.014804288152041590e+04
2.550000000000000000e+01 1.015846727108695086e+04
2.560000000000000142e+01 1.016103170969954590e+04
2.570000000000000284e+01 1.003564064987664278e+04
2.580000000000000071e+01 1.002162763880635066e+04
2.590000000000000213e+01 1.016621305841028334e+04
2.600000000000000000e+01 1.008420877221915180e+04
2.610000000000000142e+01 1.004682124313783788e+04
2.620000000000000284e+01 1.010735356221813890e+04
2.630000000000000071e+01 1.010477385615532512e+04
2.640000000000000213e+01 1.010439379491075852e+04
2.650000000000000000e+01 1.014255560908601728e+04
2.660000000000000142e+01 1.009601381188752748e+04
2.670000000000000284e+01 1.011629694817927884e+04
2.680000000000000071e+01 1.017874745998388244e+04
2.690000000000000213e+01 1.017098982194101336e+04
2.700000000000000000e+01 1.014921773914146979e+04
2.710000000000000142e+01 1.013933637099818770e+04
2.720000000000000284e+01 1.008853805297940198e+04
2.730000000000000071e+01 1.002771787599459094e+04
2.740000000000000213e+01 1.007148470167479354e+04
2.750000000000000000e+01 1.014601375101171470e+04
2.760000000000000142e+01 1.019700685499716019e+04
2.770000000000000284e+01 1.018462925260803240e+04
2.780000000000000071e+01 1.003055431536217293e+04
2.790000000000000213e+01 1.013762140182800249e+04
2.800000000000000000e+01 1.019479567956639949e+04
2.810000000000000142e+01 1.017170368343725750e+04
2.820000000000000284e+01 1.017951488712641913e+04
2.830000000000000071e+01 1.016672017161686563e+04
2.840000000000000213e+01 1.009456692480622951e+04
2.850000000000000000e+01 1.006412082078249477e+04
2.860000000000000142e+01 1.001189701497810529e+04
2.870000000000000284e+01 1.015232938950878270e+04
2.880000000000000071e+01 1.004621548206515399e+04
2.890000000000000213e+01 1.000493233833606246e+04
2.900000000000000000e+01 1.009415023970248330e+04
2.910000000000000142e+01 1.012350113235820027e+04
2.920000000000000284e+01 1.002892914601483608e+04
2.930000000000000071e+01 1.008580629124174266e+04
2.940000000000000213e+01 1.000178897520326063e+04
2.950000000000000000e+01 1.017461075851781425e+04
2.960000000000000142e+01 1.004029326545032018e+04
2.970000000000000284e+01 1.008936845576133055e+04
2.980000000000000071e+01 1.010907673015809996e+04
2.990000000000000213e+01 1.005194842770097603e+04
3.000000000000000000e+01 1.002624955376473008e+04
3.010000000000000142e+01 1.016579393398103093e+04
3.020000000000000284e+01 1.001633528335473056e+04
3.030000000000000071e+01 1.005314444761295999e+04
3.040000000000000213e+01 1.003420105273817171e+04
3.050000000000000000e+01 1.001390304057533467e+04
3.060000000000000142e+01 1.002152746759888578e+04
3.070000000000000284e+01 1.013168754636481572e+04
3.080000000000000071e+01 1.001006281703404420e+04
3.090000000000000213e+01 1.014017937728417201e+04
3.100000000000000000e+01 1.009662454498348598e+04
3.110000000000000142e+01 1.012045368410835727e+04
3.120000000000000284e+01 1.009654683545170155e+04
3.130000000000000071e+01 1.002527295783577028e+04
3.140000000000000213e+01 1.013443876925292352e+04
3.150000000000000000e+01 1.017685039424392744e+04
3.160000000000000142e+01 1.000994486926590616e+04
3.170000000000000284e+01 1.013350970609588694e+04
3.180000000000000071e+01 1.003148679417141648e+04
3.190000000000000213e+01 1.004098482550718472e+04
3.200000000000000000e+01 1.016685948499319784e+04
3.210000000000000142e+01 1.018287473414441956e+04
3.220000000000000284e+01 1.007589965824378305e+04
3.230000000000000426e+01 1.015166245374839309e+04
3.239999999999999858e+01 1.000431094182793640e+04
3.250000000000000000e+01 1.013625188989657181e+04
3.260000000000000142e+01 1.000775376234069336e+04
3.270000000000000284e+01 1.004391388724352328e+04
3.280000000000000426e+01 1.006937204713832580e+04
3.289999999999999858e+01 1.003910344341325072e+04
3.300000000000000000e+01 1.012280469930913569e+04
3.310000000000000142e+01 1.004692910912107436e+04
3.320000000000000284e+01 1.001542340188985509e+04
3.330000000000000426e+01 1.014781649673323591e+04
3.339999999999999858e+01 1.013513803008927425e+04
3.350000000000000000e+01 1.007164625123012047e+04
3.360000000000000142e+01 1.012085124812007780e+04
3.370000000000000284e+01 1.002638556292181784e+04
3.380000000000000426e+01 1.008288371700237985e+04
3.389999999999999858e+01 1.007075048645997776e+04
3.400000000000000000e+01 1.013369118249746316e+04
3.410000000000000142e+01 1.018767122306436067e+04
3.420000000000000284e+01 1.005049480770063565e+04
3.430000000000000426e+01 1.006302489251253610e+04
3.439999999999999858e+01 1.002421289179569067e+04
3.450000000000000000e+01 1.019801022887958607e+04
3.460000000000000142e+01 1.001588147471882439e+04
3.470000000000000284e+01 1.016086528289525450e+04
3.480000000000000426e+01 1.003055835258484512e+04
3.489999999999999858e+01 1.019477082530191547e+04
3.500000000000000000e+01 1.000288455183084261e+04
3.510000000000000142e+01 1.013021619142913005e+04
3.520000000000000284e+01 1.014420568700152762e+04
3.530000000000000426e+01 1.017416286880634107e+04
3.539999999999999858e+01 1.012511590678811444e+04
3.550000000000000000e+01 1.012961786416204268e+04
3.560000000000000142e+01 1.018570492434614061e+04
3.570000000000000284e+01 1.005874957230966902e+04
3.580000000000000426e+01 1.016471770254018884e+04
3.589999999999999858e+01 1.009967905649827480e+04
3.600000000000000000e+01 1.007794445663873012e+04
3.610000000000000142e+01 1.012029898197916009e+04
3.620000000000000284e+01 1.003896737976524309e+04
3.630000000000000426e+01 1.014356275956293211e+04
3.639999999999999858e+01 1.005333473894759118e+04
3.650000000000000000e+01 1.003167155725582415e+04
3.660000000000000142e+01 1.007136365814008786e+04
3.670000000000000284e+01 1.008849496093530615e+04
3.680000000000000426e+01 1.018359377966400098e+04
3.689999999999999858e+01 1.002513708158662303e+04
3.700000000000000000e+01 1.008110233941241677e+04
3.710000000000000142e+01 1.006125075266609565e+04
3.720000000000000284e+01 1.013081350254110839e+04
3.730000000000000426e+01 1.005662208856370853e+04
3.739999999999999858e+01 1.002953275880193723e+04
3.750000000000000000e+01 1.011693299010896408e+04
3.760000000000000142e+01 1.012680018821256454e+04
3.770000000000000284e+01 1.009923518433386016e+04
3.780000000000000426e+01 1.009493368286049190e+04
3.789999999999999858e+01 1.002023457447405781e+04
3.800000000000000000e+01 1.008158444529894768e+04
3.810000000000000142e+01 1.013077433493807075e+04
3.820000000000000284e+01 1.006086992150256629e+04
3.830000000000000426e+01 1.006384903968524850e+04
3.840000000000000568e+01 1.013901104597796257e+04
3.850000000000000000e+01 1.006383952844971463e+04
3.860000000000000142e+01 1.016041992102410586e+04
3.870000000000000284e+01 1.001450736873744063e+04
3.880000000000000426e+01 1.006136706567444344e+04
3.890000000000000568e+01 1.002679188594202606e+04
3.900000000000000000e+01 1.008571231255867679e+04
3.910000000000000142e+01 1.012103366569648642e+04
3.920000000000000284e+01 1.014517351550408785e+04
3.930000000000000426e+01 1.012403131318043233e+04
3.940000000000000568e+01 1.008501936398251019e+04
3.950000000000000000e+01 1.015396308431090438e+04
3.960000000000000142e+01 1.000699086731343596e+04
3.970000000000000284e+01 1.016787510389310410e+04
3.980000000000000426e+01 1.013480993927896270e+04
3.990000000000000568e+01 1.004632496457739398e+04
4.000000000000000000e+01 1.002437220625116424e+04
4.010000000000000142e+01 1.002958277932496458e+04
4.020000000000000284e+01 1.018826160864030862e+04
4.030000000000000426e+01 1.007018934539074326e+04
4.040000000000000568e+01 1.005333206803104076e+04
4.050000000000000000e+01 1.014828858675013362e+04
4.060000000000000142e+01 1.016172240299593068e+04
4.070000000000000284e+01 1.010744096718399305e+04
4.080000000000000426e+01 1.009726824332457909e+04
4.090000000000000568e+01 1.002269778324215986e+04
4.100000000000000000e+01 1.005177516614823799e+04
4.110000000000000142e+01 1.001216548630852776e+04
4.120000000000000284e+01 1.017133944338715082e+04
4.130000000000000426e+01 1.006469709830645479e+04
4.140000000000000568e+01 1.018987682439993660e+04
4.150000000000000000e+01 1.002923956541186635e+04
4.160000000000000142e+01 1.015544343524966098e+04
4.170000000000000284e+01 1.014661100900261954e+04
4.180000000000000426e+01 1.017238791888469314e+04
4.190000000000000568e+01 1.002311030365960323e+04
4.200000000000000000e+01 1.001174081404397657e+04
4.210000000000000142e+01 1.008524892565041773e+04
4.220000000000000284e+01 1.019248453205933583e+04
4.230000000000000426e+01 1.018875215996600309e+04
4.240000000000000568e+01 1.018292484435530059e+04
4.250000000000000000e+01 1.003197364857072171e+04
4.260000000000000142e+01 1.015899293578021570e+04
4.270000000000000284e+01 1.012525775456045631e+04
4.280000000000000426e+01 1.000532717197819511e+04
4.290000000000000568e+01 1.012975118845456200e+04
4.300000000000000000e+01 1.009888541349080515e+04
4.310000000000000142e+01 1.015390387749160618e+04
4.320000000000000284e+01 1.003575602330892252e+04
4.330000000000000426e+01 1.011081322393422306e+04
4.340000000000000568e+01 1.003491433901480741e+04
4.350000000000000000e+01 1.015459413753313493e+04
4.360000000000000142e+01 1.015593050203507300e+04
4.370000000000000284e+01 1.004837324751619417e+04
4.380000000000000426e+01 1.005105357298527269e+04
4.390000000000000568e+01 1.007053994632962713e+04
4.400000000000000000e+01 1.005882515121940924e+04
4.410000000000000142e+01 1.010475325123483526e+04
4.420000000000000284e+01 1.010620494642878657e+04
4.430000000000000426e+01 1.001858208006554378e+04
4.440000000000000568e+01 1.004015163320524698e+04
4.450000000000000000e+01 1.006554698819715304e+04
4.460000000000000142e+01 1.002154407936985262e+04
4.470000000000000284e+01 1.011063433746581723e+04
4.480000000000000426e+01 1.012369648370972573e+04
4.490000000000000568e+01 1.005706611079747017e+04
4.500000000000000000e+01 1.006034948822650404e+04
4.510000000000000142e+01 1.001329159480181079e+04
4.520000000000000284e+01 1.011906550807749045e+04
4.530000000000000426e+01 1.011612851726553163e+04
4.540000000000000568e+01 1.017515134609941379e+04
4.550000000000000000e+01 1.007531276105056349e+04
4.560000000000000142e+01 1.012354311073912322e+04
4.570000000000000284e+01 1.002098360584598231e+04
4.580000000000000426e+01 1.007454622582235061e+04
4.590000000000000568e+01 1.016647987918818944e+04
4.600000000000000000e+01 1.005585355492546296e+04
4.610000000000000142e+01 1.010073831332716691e+04
4.620000000000000284e+01 1.006696614978778598e+04
4.630000000000000426e+01 1.008626014446521003e+04
4.640000000000000568e+01 1.006507179638723210e+04
4.650000000000000000e+01 1.012347831795346247e+04
4.660000000000000142e+01 1.009286449001797155e+04
4.670000000000000284e+01 1.000411569932759267e+04
4.680000000000000426e+01 1.005725819177335143e+04
4.690000000000000568e+01 1.002719147834953583e+04
4.700000000000000000e+01 1.016248164330801046e+04
4.710000000000000142e+01 1.015392745726216708e+04
4.720000000000000284e+01 1.013623841943114166e+04
4.730000000000000426e+01 1.005425234108922996e+04
4.740000000000000568e+01 1.010202272269095738e+04
4.750000000000000000e+01 1.019111507242960579e+04
4.760000000000000142e+01 1.014380725822880595e+04
4.770000000000000284e+01 1.014664988458979860e+04
4.780000000000000426e+01 1.012273275753803682e+04
4.790000000000000568e+01 1.018657581514434787e+04
4.800000000000000000e+01 1.018571362368226619e+04
4.810000000000000142e+01 1.008621888770967780e+04
4.820000000000000284e+01 1.009061333823702080e+04
4.830000000000000426e+01 1.008971714562382840e+04
4.840000000000000568e+01 1.014340518284956852e+04
4.850000000000000000e+01 1.015068168776780840e+04
4.860000000000000142e+01 1.019118072313289122e+04
4.870000000000000284e+01 1.010138895522632265e+04
4.880000000000000426e+01 1.015811259914424591e+04
4.890000000000000568e+01 1.007705995928472475e+04
4.900000000000000000e+01 1.000322402909321318e+04
4.910000000000000142e+01 1.001865819027243924e+04
4.920000000000000284e+01 1.010006176828733442e+04
4.930000000000000426e+01 1.015652924901912775e+04
4.940000000000000568e+01 1.013329205705432651e+04
4.950000000000000000e+01 1.017501098160088986e+04
4.960000000000000142e+01 1.018651070576613347e+04
4.970000000000000284e+01 1.004767484199804130e+04
4.980000000000000426e+01 1.006019173624710129e+04
4.990000000000000568e+01 1.012174389418021201e+04
5.000000000000000000e+01 1.009406520676016771e+04
5.010000000000000142e+01 1.017581801919463032e+04
5.020000000000000284e+01 1.004372089418524411e+04
5.030000000000000426e+01 1.005940255547915694e+04
5.040000000000000568e+01 1.015380822921994331e+04
5.050000000000000000e+01 1.010791449971036127e+04
5.060000000000000142e+01 1.002235493487911299e+04
5.070000000000000284e+01 1.012289202284577186e+04
5.080000000000000426e+01 1.008634842999916691e+04
5.090000000000000568e+01 1.013522179459218933e+04
5.100000000000000000e+01 1.008338869960822194e+04
5.110000000000000142e+01 1.010475599399913699e+04
5.120000000000000284e+01 1.018118574708925917e+04
5.130000000000000426e+01 1.018646482259336881e+04
5.140000000000000568e+01 1.018115692870130988e+04
5.150000000000000000e+01 1.016458855058029076e+04
5.160000000000000142e+01 1.002518009301063103e+04
5.170000000000000284e+01 1.007520110724488768e+04
5.180000000000000426e+01 1.012496668031096488e+04
5.190000000000000568e+01 1.003566902546156234e+04
5.200000000000000000e+01 1.013539774446613410e+04
5.210000000000000142e+01 1.008295867561345949e+04
5.220000000000000284e+01 1.004857140167800571e+04
5.230000000000000426e+01 1.004646214433867317e+04
5.240000000000000568e+01 1.019539415489559360e+04
5.250000000000000000e+01 1.010238869687266379e+04
5.260000000000000142e+01 1.004412680835404899e+04
5.270000000000000284e+01 1.019228534780322843e+04
5.280000000000000426e+01 1.007857304848580316e+04
5.290000000000000568e+01 1.013047506626229006e+04
5.300000000000000000e+01 1.001479774094317872e+04
5.310000000000000142e+01 1.000881311612661011e+04
5.320000000000000284e+01 1.001470614505349113e+04
5.330000000000000426e+01 1.015656664290783010e+04
5.340000000000000568e+01 1.017456640050789611e+04
5.350000000000000000e+01 1.007356238763266265e+04
5.360000000000000142e+01 1.002784599009425256e+04
5.370000000000000284e+01 1.001851757055634152e+04
5.380000000000000426e+01 1.012578177880597832e+04
5.390000000000000568e+01 1.015592691598607962e+04
5.400000000000000000e+01 1.008310635393065604e+04
5.410000000000000142e+01 1.015761122294007328e+04
5.420000000000000284e+01 1.014058772293204311e+04
5.430000000000000426e+01 1.014022833448553502e+04
5.440000000000000568e+01 1.005331058088306054e+04
5.450000000000000000e+01 1.008580705782929908e+04
5.460000000000000142e+01 1.010265243008311700e+04
5.470000000000000284e+01 1.005453136428084326e+04
5.480000000000000426e+01 1.010344243553033084e+04
5.490000000000000568e+01 1.000716281989355411e+04
5.500000000000000000e+01 1.017819261733345411e+04
5.510000000000000142e+01 1.014907721673132437e+04
5.520000000000000284e+01 1.017660227277629565e+04
5.530000000000000426e+01 1.008183207426007539e+04
5.540000000000000568e+01 1.014976398800689458e+04
5.550000000000000000e+01 1.001290925719461666e+04
5.560000000000000142e+01 1.010984154308368488e+04
5.570000000000000284e+01 1.012445699696248448e+04
5.580000000000000426e+01 1.019592177939915200e+04
5.590000000000000568e+01 1.013564060222281842e+04
5.600000000000000000e+01 1.011574692167553258e+04
5.610000000000000142e+01 1.004205148658809048e+04
5.620000000000000284e+01 1.001241058632797103e+04
5.630000000000000426e+01 1.012723473377275150e+04
5.640000000000000568e+01 1.008923022394651343e+04
5.650000000000000000e+01 1.005091033818458163e+04
5.660000000000000142e+01 1.018964369221388552e+04
5.670000000000000284e+01 1.019128339038630293e+04
5.680000000000000426e+01 1.003973118604065712e+04
5.690000000000000568e+01 1.008238555318535691e+04
5.700000000000000000e+01 1.004569269384613472e+04
5.710000000000000142e+01 1.015033164042929093e+04
5.720000000000000284e+01 1.013209345606292118e+04
5.730000000000000426e+01 1.007567810997017477e+04
5.740000000000000568e+01 1.019911565083954156e+04
5.750000000000000000e+01 1.002033902534180925e+04
5.760000000000000142e+01 1.000833039288295731e+04
5.770000000000000284e+01 1.012690740199165521e+04
5.780000000000000426e+01 1.013926380686406446e+04
5.790000000000000568e+01 1.012657883215657057e+04
5.800000000000000000e+01 1.000044299774488172e+04
5.810000000000000142e+01 1.002028772222336920e+04
5.820000000000000284e+01 1.001982857552117275e+04
5.830000000000000426e+01 1.015233998315302961e+04
5.840000000000000568e+01 1.010755354742063901e+04
5.850000000000000000e+01 1.018075991711714232e+04
5.860000000000000142e+01 1.005625210907048859e+04
5.870000000000000284e+01 1.001676930826763601e+04
5.880000000000000426e+01 1.016659950076353562e+04
5.890000000000000568e+01 1.016820350420206887e+04
5.900000000000000000e+01 1.011677487413793278e+04
5.910000000000000142e+01 1.004790486807726302e+04
5.920000000000000284e+01 1.009425558478867788e+04
5.930000000000000426e+01 1.011868303746749370e+04
5.940000000000000568e+01 1.016073074613508288e+04
5.950000000000000000e+01 1.011534623336702134e+04
5.960000000000000142e+01 1.006427094418404704e+04
5.970000000000000284e+01 1.005829352090259090e+04
5.980000000000000426e+01 1.012857669880364665e+04
5.990000000000000568e+01 1.010736293919923446e+04
6.000000000000000000e+01 1.013930717856527917e+04
6.010000000000000142e+01 1.007823424982541837e+04
6.020000000000000284e+01 1.016696316006304187e+04
6.030000000000000426e+01 1.012506845119485297e+04
6.040000000000000568e+01 1.001343865087283848e+04
6.050000000000000000e+01 1.013922446565423343e+04
6.060000000000000142e+01 1.007038708508574018e+04
6.070000000000000284e+01 1.018396130835121221e+04
6.080000000000000426e+01 1.011175635401186810e+04
6.090000000000000568e+01 1.009953392708859246e+04
6.100000000000000000e+01 1.012223720027232775e+04
6.110000000000000142e+01 1.006003536537345826e+04
6.120000000000000284e+01 1.007012673665620605e+04
6.130000000000000426e+01 1.019455837358885401e+04
6.140000000000000568e+01 1.014812202357280148e+04
6.150000000000000000e+01 1.001796259123936579e+04
6.160000000000000142e+01 1.012406832708608454e+04
6.170000000000000284e+01 1.012101635344915667e+04
6.180000000000000426e+01 1.019609773448562555e+04
6.190000000000000568e+01 1.010517948229482136e+04
6.200000000000000000e+01 1.015646696439331936e+04
6.210000000000000142e+01 1.001303935888018714e+04
6.220000000000000284e+01 1.006765836629043042e+04
6.230000000000000426e+01 1.011313228698414423e+04
6.240000000000000568e+01 1.008814253965345597e+04
6.250000000000000000e+01 1.016711506535392800e+04
6.260000000000000142e+01 1.007265540738846903e+04
6.270000000000000284e+01 1.014710573881469463e+04
6.280000000000000426e+01 1.007955773445462364e+04
6.290000000000000568e+01 1.018850222629174095e+04
6.300000000000000000e+01 1.009330438994112410e+04
6.310000000000000142e+01 1.012377108288096497e+04
6.320000000000000284e+01 1.001189306372197643e+04
6.330000000000000426e+01 1.003341046139397258e+04
6.340000000000000568e+01 1.009166996207514967e+04
6.350000000000000000e+01 1.017531806389222038e+04
6.360000000000000142e+01 1.010049475864079250e+04
6.370000000000000284e+01 1.007920147351646119e+04
6.380000000000000426e+01 1.015819974105563233e+04
6.390000000000000568e+01 1.012736475662370867e+04
6.400000000000000000e+01 1.001648523702009334e+04
6.410000000000000853e+01 1.011749061175532916e+04
6.420000000000000284e+01 1.018240757018436307e+04
6.429999999999999716e+01 1.016204414339370487e+04
6.440000000000000568e+01 1.012327860784362747e+04
6.450000000000000000e+01 1.017498510433684169e+04
6.460000000000000853e+01 1.003529449498195936e+04
6.470000000000000284e+01 1.001890664346564881e+04
6.479999999999999716e+01 1.005146486273753362e+04
6.490000000000000568e+01 1.017557090533246264e+04
6.500000000000000000e+01 1.011644689431453116e+04
6.510000000000000853e+01 1.010643678924892083e+04
6.520000000000000284e+01 1.007307399089351566e+04
6.529999999999999716e+01 1.007310575085423625e+04
6.540000000000000568e+01 1.004898273400771723e+04
6.550000000000000000e+01 1.001185667224975805e+04
6.560000000000000853e+01 1.018392878564360944e+04
6.570000000000000284e+01 1.014620622930793252e+04
6.579999999999999716e+01 1.014863440419882681e+04
6.590000000000000568e+01 1.006194991813426896e+04
6.600000000000000000e+01 1.006794683307255036e+04
6.610000000000000853e+01 1.018614209718794336e+04
6.620000000000000284e+01 1.018866966526514989e+04
6.629999999999999716e+01 1.006642428544556060e+04
6.640000000000000568e+01 1.018242229708241393e+04
6.650000000000000000e+01 1.000318325011794514e+04
6.660000000000000853e+01 1.004573931781047759e+04
6.670000000000000284e+01 1.002762417197877403e+04
6.679999999999999716e+01 1.017472909729496860e+04
6.690000000000000568e+01 1.017369762782419639e+04
6.700000000000000000e+01 1.011712202599888951e+04
6.710000000000000853e+01 1.019174243873913110e+04
6.720000000000000284e+01 1.010052652850910272e+04
6.729999999999999716e+01 1.004018528175367101e+04
6.740000000000000568e+01 1.011824858768216109e+04
6.750000000000000000e+01 1.007484297429126855e+04
6.760000000000000853e+01 1.019020735678721758e+04
6.770000000000000284e+01 1.016439662094993400e+04
6.779999999999999716e+01 1.010546505332315428e+04
6.790000000000000568e+01 1.009637793690211220e+04
6.800000000000000000e+01 1.008086550403646106e+04
6.810000000000000853e+01 1.003768363964288801e+04
6.820000000000000284e+01 1.011922477249437543e+04
6.829999999999999716e+01 1.005916465472964410e+04
6.840000000000000568e+01 1.013561283491394352e+04
6.850000000000000000e+01 1.015285098812716933e+04
6.860000000000000853e+01 1.001619983137630334e+04
6.870000000000000284e+01 1.009364075276268886e+04
6.879999999999999716e+01 1.010132202478592444e+04
6.890000000000000568e+01 1.005987710695034548e+04
6.900000000000000000e+01 1.008509014439774728e+04
6.910000000000000853e+01 1.006019455604743052e+04
6.920000000000000284e+01 1.006021414275373354e+04
6.929999999999999716e+01 1.001229097721151993e+04
6.940000000000000568e+01 1.006101206995412213e+04
6.950000000000000000e+01 1.008583677161364722e+04
6.960000000000000853e+01 1.015078341441491648e+04
6.970000000000000284e+01 1.014091905844855683e+04
6.979999999999999716e+01 1.004973676933010574e+04
6.990000000000000568e+01 1.002626585869423798e+04
7.000000000000000000e+01 1.004836652729244088e+04
7.010000000000000853e+01 1.002764658558063456e+04
7.020000000000000284e+01 1.019818740826836620e+04
7.029999999999999716e+01 1.010426723341662000e+04
7.040000000000000568e+01 1.018967357346734025e+04
7.050000000000000000e+01 1.016870811145659354e+04
7.060000000000000853e+01 1.014335489105836677e+04
7.070000000000000284e+01 1.007693108505133932e+04
7.079999999999999716e+01 1.011687243165351356e+04
7.090000000000000568e+01 1.013193969499088416e+04
7.100000000000000000e+01 1.007117212900925188e+04
7.110000000000000853e+01 1.013142021349948482e+04
7.120000000000000284e+01 1.010548752064349537e+04
7.129999999999999716e+01 1.012833351699382911e+04
7.140000000000000568e+01 1.005137579436542001e+04
7.150000000000000000e+01 1.012590554344883822e+04
7.160000000000000853e+01 1.004618287577894989e+04
7.170000000000000284e+01 1.008571658692284291e+04
7.179999999999999716e+01 1.011566415789131315e+04
7.190000000000000568e+01 1.014893919698690843e+04
7.200000000000000000e+01 1.013736240373268993e+04
7.210000000000000853e+01 1.013512765439374562e+04
7.220000000000000284e+01 1.018277713468246475e+04
7.229999999999999716e+01 1.013647578357956263e+04
7.240000000000000568e+01 1.010226673446804307e+04
7.250000000000000000e+01 1.011408946114994615e+04
7.260000000000000853e+01 1.016256031500681456e+04
7.270000000000000284e+01 1.009586739175567345e+04
7.279999999999999716e+01 1.003876978664190392e+04
7.290000000000000568e+01 1.010300509370563668e+04
7.300000000000000000e+01 1.018613796749347239e+04
7.310000000000000853e+01 1.013595188920060900e+04
7.320000000000000284e+01 1.003012846441819420e+04
7.329999999999999716e+01 1.011605698439773187e+04
7.340000000000000568e+01 1.018128431421231835e+04
7.350000000000000000e+01 1.007734625848568430e+04
7.360000000000000853e+01 1.000736976393945406e+04
7.370000000000000284e+01 1.008219583471116312e+04
7.379999999999999716e+01 1.012329751293774098e+04
7.390000000000000568e+01 1.019551867127444348e+04
7.400000000000000000e+01 1.006279644247666693e+04
7.410000000000000853e+01 1.016252125659635021e+04
7.420000000000000284e+01 1.005150420706102886e+04
7.429999999999999716e+01 1.004874586655996063e+04
7.440000000000000568e+01 1.015363488250662522e+04
7.450000000000000000e+01 1.013026899185070761e+04
7.460000000000000853e+01 1.005965941419347109e+04
7.470000000000000284e+01 1.009006057809941558e+04
7.479999999999999716e+01 1.013909994348591499e+04
7.490000000000000568e+01 1.003241895950642720e+04
7.500000000000000000e+01 1.015246821603497301e+04
7.510000000000000853e+01 1.010410666675208449e+04
7.520000000000000284e+01 1.006774494959210642e+04
7.529999999999999716e+01 1.010641951461679673e+04
7.540000000000000568e+01 1.001679986515927885e+04
7.550000000000000000e+01 1.005377416165770956e+04
7.560000000000000853e+01 1.015711228730824951e+04
7.570000000000000284e+01 1.019453654176934288e+04
7.579999999999999716e+01 1.007623814020584541e+04
7.590000000000000568e+01 1.002626377675369986e+04
7.600000000000000000e+01 1.012832978316132358e+04
7.610000000000000853e+01 1.005471766498400575e+04
7.620000000000000284e+01 1.003217828537915193e+04
7.629999999999999716e+01 1.004350953282603405e+04
7.640000000000000568e+01 1.008601623892763746e+04
7.650000000000000000e+01 1.005462054959796842e+04
7.660000000000000853e+01 1.011244421811061875e+04
7.670000000000000284e+01 1.003221542594385028e+04
7.680000000000001137e+01 1.005073854539862805e+04
7.690000000000000568e+01 1.009909920310026610e+04
7.700000000000000000e+01 1.018133581695982321e+04
7.710000000000000853e+01 1.018652222798226830e+04
7.720000000000000284e+01 1.019147913982190948e+04
7.730000000000001137e+01 1.007387241988512324e+04
7.740000000000000568e+01 1.000046611558161385e+04
7.750000000000000000e+01 1.008746267950740003e+04
7.760000000000000853e+01 1.013512622040123097e+04
7.770000000000000284e+01 1.013184640461955314e+04
7.780000000000001137e+01 1.014075535246459913e+04
7.790000000000000568e+01 1.008493707481798629e+04
7.800000000000000000e+01 1.015515415165950617e+04
7.810000000000000853e+01 1.013169589189209182e+04
7.820000000000000284e+01 1.014033988767201299e+04
7.830000000000001137e+01 1.014299491563084666e+04
7.840000000000000568e+01 1.011285644029274044e+04
7.850000000000000000e+01 1.002534762508965105e+04
7.860000000000000853e+01 1.010650431575663424e+04
7.870000000000000284e+01 1.012466338383375478e+04
7.880000000000001137e+01 1.019881377533365958e+04
7.890000000000000568e+01 1.011749559771757777e+04
7.900000000000000000e+01 1.016155354302795604e+04
7.910000000000000853e+01 1.014474924229870157e+04
7.920000000000000284e+01 1.015617047444519994e+04
7.930000000000001137e+01 1.007861187691820851e+04
7.940000000000000568e+01 1.000396233761712028e+04
7.950000000000000000e+01 1.000484974630261422e+04
7.960000000000000853e+01 1.008898895145461211e+04
7.970000000000000284e+01 1.008075669060791370e+04
7.980000000000001137e+01 1.006179249977181826e+04
7.990000000000000568e+01 1.014456278038645542e+04
8.000000000000000000e+01 1.012411967637517773e+04
8.010000000000000853e+01 1.008654702883359096e+04
8.020000000000000284e+01 1.007860804166125308e+04
8.030000000000001137e+01 1.002900990583410021e+04
8.040000000000000568e+01 1.003206467877671457e+04
8.050000000000000000e+01 1.019777843980629586e+04
8.060000000000000853e+01 1.006160037529832880e+04
8.070000000000000284e+01 1.003024798508785534e+04
8.080000000000001137e+01 1.001479536529152574e+04
8.090000000000000568e+01 1.001912865473165766e+04
8.100000000000000000e+01 1.004573884533097407e+04
8.110000000000000853e+01 1.012518768956980603e+04
8.120000000000000284e+01 1.010056849732277078e+04
8.130000000000001137e+01 1.000982067379329601e+04
8.140000000000000568e+01 1.006583185467196745e+04
8.150000000000000000e+01 1.012361257085826583e+04
8.160000000000000853e+01 1.001753340206656139e+04
8.170000000000000284e+01 1.011060746081026628e+04
8.180000000000001137e+01 1.000664853119277359e+04
8.190000000000000568e+01 1.018422048976299266e+04
8.200000000000000000e+01 1.012320027798955743e+04
8.210000000000000853e+01 1.001016246970457360e+04
8.220000000000000284e+01 1.008814547958729781e+04
8.230000000000001137e+01 1.005686251696143881e+04
8.240000000000000568e+01 1.003186609136142397e+04
8.250000000000000000e+01 1.006795253825444888e+04
8.260000000000000853e+01 1.002684566823819478e+04
8.270000000000000284e+01 1.006473837490941696e+04
8.280000000000001137e+01 1.013148895591846849e+04
8.290000000000000568e+01 1.006553519191220221e+04
8.300000000000000000e+01 1.012100945119229800e+04
8.310000000000000853e+01 1.013768296022133109e+04
8.320000000000000284e+01 1.000192696078873996e+04
8.330000000000001137e+01 1.016863204365528145e+04
8.340000000000000568e+01 1.007256706119966111e+04
8.350000000000000000e+01 1.004766650413137904e+04
8.360000000000000853e+01 1.015792822611911652e+04
8.370000000000000284e+01 1.015270474673160061e+04
8.380000000000001137e+01 1.011020164999603003e+04
8.390000000000000568e+01 1.010250734768604707e+04
8.400000000000000000e+01 1.006718979796821623e+04
8.410000000000000853e+01 1.002759514400100488e+04
8.420000000000000284e+01 1.010981223311878421e+04
8.430000000000001137e+01 1.019771550579370887e+04
8.440000000000000568e+01 1.017012568972855297e+04
8.450000000000000000e+01 1.019103561701459512e+04
8.460000000000000853e+01 1.015657118131697098e+04
8.470000000000000284e+01 1.006693981033407726e+04
8.480000000000001137e+01 1.008519096044647813e+04
8.490000000000000568e+01 1.009475258868269884e+04
8.500000000000000000e+01 1.003728313185111074e+04
8.510000000000000853e+01 1.002959443547765659e+04
8.520000000000000284e+01 1.015690644334208628e+04
8.530000000000001137e+01 1.011117146500887247e+04
8.540000000000000568e+01 1.004275982363687217e+04
8.550000000000000000e+01 1.013689479810256125e+04
8.560000000000000853e+01 1.011958385654839731e+04
8.570000000000000284e+01 1.004061264685746937e+04
8.580000000000001137e+01 1.007087988500974279e+04
8.590000000000000568e+01 1.001880116085640839e+04
8.600000000000000000e+01 1.001065478720369356e+04
8.610000000000000853e+01 1.005642351828580831e+04
8.620000000000000284e+01 1.003060009470818477e+04
8.630000000000001137e+01 1.006269386239304731e+04
8.640000000000000568e+01 1.009170577153899285e+04
8.650000000000000000e+01 1.012736596956690300e+04
8.660000000000000853e+01 1.018639998979197844e+04
8.670000000000000284e+01 1.003982541363779819e+04
8.680000000000001137e+01 1.009852227442407820e+04
8.690000000000000568e+01 1.017653430148176631e+04
8.700000000000000000e+01 1.015751418723362985e+04
8.710000000000000853e+01 1.009785510552527376e+04
8.720000000000000284e+01 1.018712567699109968e+04
8.730000000000001137e+01 1.018305431279960794e+04
8.740000000000000568e+01 1.011326681997928790e+04
8.750000000000000000e+01 1.013465612394101663e+04
8.760000000000000853e+01 1.017918059549567261e+04
8.770000000000000284e+01 1.002937805454586669e+04
8.780000000000001137e+01 1.010218902686369984e+04
8.790000000000000568e+01 1.009246481251747173e+04
8.800000000000000000e+01 1.017344077989302605e+04
8.810000000000000853e+01 1.019045459666329589e+04
8.820000000000000284e+01 1.000054511530930358e+04
8.830000000000001137e+01 1.018908537048318613e+04
8.840000000000000568e+01 1.019321067556299931e+04
8.850000000000000000e+01 1.007305471451026642e+04
8.860000000000000853e+01 1.013398993078477724e+04
8.870000000000000284e+01 1.017886084298691821e+04
8.880000000000001137e+01 1.018416493574294873e+04
8.890000000000000568e+01 1.011349380095160086e+04
8.900000000000000000e+01 1.011679712305599060e+04
8.910000000000000853e+01 1.003308245326180258e+04
8.920000000000000284e+01 1.003588542685992434e+04
8.930000000000001137e+01 1.006013696475534016e+04
8.940000000000000568e+01 1.015059734708130054e+04
8.950000000000000000e+01 1.008171924974441390e+04
8.960000000000000853e+01 1.011954748387744439e+04
8.970000000000000284e+01 1.011262016205841428e+04
8.980000000000001137e+01 1.009140548184113140e+04
8.990000000000000568e+01 1.010312207110295822e+04
9.000000000000000000e+01 1.001538534373856419e+04
9.010000000000000853e+01 1.012017960378417411e+04
9.020000000000000284e+01 1.017588370316347027e+04
9.030000000000001137e+01 1.010907626701565823e+04
9.040000000000000568e+01 1.001840124659057074e+04
9.050000000000000000e+01 1.010691774403031195e+04
9.060000000000000853e+01 1.005451199582181289e+04
9.070000000000000284e+01 1.012645570966219384e+04
9.080000000000001137e+01 1.016258167822104951e+04
9.090000000000000568e+01 1.004461174072757422e+04
9.100000000000000000e+01 1.000619835518048421e+04
9.110000000000000853e+01 1.005298648955825593e+04
9.120000000000000284e+01 1.015483384268327245e+04
9.130000000000001137e+01 1.016819754031751836e+04
9.140000000000000568e+01 1.007336359051615909e+04
9.150000000000000000e+01 1.017039884826253547e+04
9.160000000000000853e+01 1.003452561469690772e+04
9.170000000000000284e+01 1.011540359943391923e+04
9.180000000000001137e+01 1.001792777398173530e+04
9.190000000000000568e+01 1.019591912719137144e+04
9.200000000000000000e+01 1.017267291922675213e+04
9.210000000000000853e+01 1.005469041146728523e+04
9.220000000000000284e+01 1.012300204407119963e+04
9.230000000000001137e+01 1.000074563378267885e+04
9.240000000000000568e+01 1.014763045897631309e+04
9.250000000000000000e+01 1.008844323974767212e+04
9.260000000000000853e+01 1.016213442768612003e+04
9.270000000000000284e+01 1.015168076781606578e+04
9.280000000000001137e+01 1.013462029604539384e+04
9.290000000000000568e+01 1.018303924899550657e+04
9.300000000000000000e+01 1.015059666812844989e+04
9.310000000000000853e+01 1.016932578642825320e+04
9.320000000000000284e+01 1.003425461682959576e+04
9.330000000000001137e+01 1.015053677791490190e+04
9.340000000000000568e+01 1.004375088076753127e+04
9.350000000000000000e+01 1.001865678228660181e+04
9.360000000000000853e+01 1.002040126205596789e+04
9.370000000000000284e+01 1.009789355536122275e+04
9.380000000000001137e+01 1.013490915788005077e+04
9.390000000000000568e+01 1.015956905152692889e+04
9.400000000000000000e+01 1.014756030849715171e+04
9.410000000000000853e+01 1.018786950533887102e+04
9.420000000000000284e+01 1.017681057561163107e+04
9.430000000000001137e+01 1.005579996979668977e+04
9.440000000000000568e+01 1.018341260577965659e+04
9.450000000000000000e+01 1.015881157271784468e+04
9.460000000000000853e+01 1.010418729882357729e+04
9.470000000000000284e+01 1.002520132367315637e+04
9.480000000000001137e+01 1.010438132488930387e+04
9.490000000000000568e+01 1.009162649546993998e+04
9.500000000000000000e+01 1.013713482042478245e+04
9.510000000000000853e+01 1.016554613517423422e+04
9.520000000000000284e+01 1.012957628210145413e+04
9.530000000000001137e+01 1.003061994032842813e+04
9.540000000000000568e+01 1.007780677024729630e+04
9.550000000000000000e+01 1.011033729344104358e+04
9.560000000000000853e+01 1.004121397399890702e+04
9.570000000000000284e+01 1.018268878545868210e+04
9.580000000000001137e+01 1.001434182720581521e+04
9.590000000000000568e+01 1.000318538957438432e+04
9.600000000000000000e+01 1.018303838810906927e+04
9.610000000000000853e+01 1.003099299595558296e+04
9.620000000000000284e+01 1.018641743413971381e+04
9.630000000000001137e+01 1.001819103157715472e+04
9.640000000000000568e+01 1.006963851500778947e+04
9.650000000000000000e+01 1.016406604626789158e+04
9.660000000000000853e+01 1.012162837344862601e+04
9.670000000000000284e+01 1.007304427407310504e+04
9.680000000000001137e+01 1.002733588686961230e+04
9.690000000000000568e+01 1.016791641474450626e+04
9.700000000000000000e+01 1.007691357763396445e+04
9.710000000000000853e+01 1.008205003430804391e+04
9.720000000000000284e+01 1.001157334579145027e+04
9.730000000000001137e+01 1.003680492915692048e+04
9.740000000000000568e+01 1.011706741122025960e+04
9.750000000000000000e+01 1.018481369176587577e+04
9.760000000000000853e+01 1.000838236510161187e+04
9.770000000000000284e+01 1.019029828732145870e+04
9.780000000000001137e+01 1.004311932425403211e+04
9.790000000000000568e+01 1.002550282609412898e+04
9.800000000000000000e+01 1.015421024354839938e+04
9.810000000000000853e+01 1.011999651052561603e+04
9.820000000000000284e+01 1.008338424886738358e+04
9.830000000000001137e+01 1.017189142583223656e+04
9.840000000000000568e+01 1.005812747001388198e+04
9.850000000000000000e+01 1.014268382974398446e+04
9.860000000000000853e+01 1.006478489472796355e+04
9.870000000000000284e+01 1.002978904780935954e+04
9.880000000000001137e+01 1.000812586644240764e+04
9.890000000000000568e+01 1.012865237571737634e+04
9.900000000000000000e+01 1.011515582876487861e+04
9.910000000000000853e+01 1.004416530733422223e+04
9.920000000000000284e+01 1.001501519904666202e+04
9.930000000000001137e+01 1.006524644311723023e+04
9.940000000000000568e+01 1.002970637543950397e+04
9.950000000000000000e+01 1.018553859093586834e+04
9.960000000000000853e+01 1.011971620401276232e+04
9.970000000000000284e+01 1.007799980449994837e+04
9.980000000000001137e+01 1.012187471619475582e+04
9.990000000000000568e+01 1.000130593544788280e+04
