0.000000000000000000e+00 1.002025091838576191e+04
1.000000000000000056e-01 1.005526731480604030e+04
2.000000000000000111e-01 1.013419420106869438e+04
3.000000000000000444e-01 1.011135013710744715e+04
4.000000000000000222e-01 1.009112244424523851e+04
5.000000000000000000e-01 1.009689690270393658e+04
6.000000000000000888e-01 1.017820822752073582e+04
7.000000000000000666e-01 1.015559389610835387e+04
8.000000000000000444e-01 1.005366735031744793e+04
9.000000000000000222e-01 1.000072012233440910e+04
1.000000000000000000e+00 1.017484363735628904e+04
1.100000000000000089e+00 1.005466335049443296e+04
1.200000000000000178e+00 1.003734299052527604e+04
1.300000000000000044e+00 1.010607163535633481e+04
1.400000000000000133e+00 1.013172598611379181e+04
1.500000000000000000e+00 1.005145660428618976e+04
1.600000000000000089e+00 1.012947583700016003e+04
1.700000000000000178e+00 1.004965712826860181e+04
1.800000000000000044e+00 1.007164249476617442e+04
1.900000000000000133e+00 1.000565084304338234e+04
2.000000000000000000e+00 1.006038017540651344e+04
2.100000000000000089e+00 1.006460082195719224e+04
2.200000000000000178e+00 1.005378379776677320e+04
2.300000000000000266e+00 1.007241485986724365e+04
2.400000000000000355e+00 1.014002948004270365e+04
2.500000000000000000e+00 1.007074516193957788e+04
2.600000000000000089e+00 1.002980126010729327e+04
2.700000000000000178e+00 1.006910639374213497e+04
2.800000000000000266e+00 1.017487182270820085e+04
2.900000000000000355e+00 1.010716414708215962e+04
3.000000000000000000e+00 1.011526931784224689e+04
3.100000000000000089e+00 1.009302276937406350e+04
3.200000000000000178e+00 1.003949641187763154e+04
3.300000000000000266e+00 1.016430672760987181e+04
3.400000000000000355e+00 1.019868977492838712e+04
3.500000000000000000e+00 1.015929167465415230e+04
3.600000000000000089e+00 1.001830401538711340e+04
3.700000000000000178e+00 1.019920818485084419e+04
3.800000000000000266e+00 1.006807886656188020e+04
3.900000000000000355e+00 1.014368792679803664e+04
4.000000000000000000e+00 1.008615341883835026e+04
4.100000000000000533e+00 1.019563075762075459e+04
4.200000000000000178e+00 1.006658200449072501e+04
4.299999999999999822e+00 1.012116875305007306e+04
4.400000000000000355e+00 1.003817525586444572e+04
4.500000000000000000e+00 1.002591783673495593e+04
4.600000000000000533e+00 1.013502652808112362e+04
4.700000000000000178e+00 1.017408479169384009e+04
4.800000000000000711e+00 1.007917346423671006e+04
4.900000000000000355e+00 1.007779598254046323e+04
5.000000000000000000e+00 1.007180017843269161e+04
5.100000000000000533e+00 1.000396893667400946e+04
5.200000000000000178e+00 1.000733119670128326e+04
5.300000000000000711e+00 1.015477959135571837e+04
5.400000000000000355e+00 1.000770148909413183e+04
5.500000000000000000e+00 1.016862957169864058e+04
5.600000000000000533e+00 1.001079308724885959e+04
5.700000000000000178e+00 1.008585346292765644e+04
5.800000000000000711e+00 1.004110613893451955e+04
5.900000000000000355e+00 1.017788872681289286e+04
6.000000000000000000e+00 1.009097843140588702e+04
6.100000000000000533e+00 1.004752643728921612e+04
6.200000000000000178e+00 1.013240143518256446e+04
6.300000000000000711e+00 1.011715078611246645e+04
6.400000000000000355e+00 1.015524689395669884e+04
6.500000000000000000e+00 1.015745330117836238e+04
6.600000000000000533e+00 1.019960138725556499e+04
6.700000000000000178e+00 1.001522042352268909e+04
6.800000000000000711e+00 1.018293305244188014e+04
6.900000000000000355e+00 1.001341055434984992e+04
7.000000000000000000e+00 1.012425597774800008e+04
7.100000000000000533e+00 1.005849720887652620e+04
7.200000000000000178e+00 1.019138492317573764e+04
7.300000000000000711e+00 1.007916503071414445e+04
7.400000000000000355e+00 1.010031855550553882e+04
7.500000000000000000e+00 1.015037756316402738e+04
7.600000000000000533e+00 1.011094002356621604e+04
7.700000000000000178e+00 1.011607179960592293e+04
7.800000000000000711e+00 1.001793726736163444e+04
7.900000000000000355e+00 1.012718202712248240e+04
8.000000000000000000e+00 1.008618357350577207e+04
8.099999999999999645e+00 1.011583691587685644e+04
8.200000000000001066e+00 1.008517773244537784e+04
8.300000000000000711e+00 1.007257234320198586e+04
8.400000000000000355e+00 1.009341874783773892e+04
8.500000000000000000e+00 1.004436009864048719e+04
8.599999999999999645e+00 1.009302477227507188e+04
8.700000000000001066e+00 1.009361188417380799e+04
8.800000000000000711e+00 1.015277273776583388e+04
8.900000000000000355e+00 1.012643128414743842e+04
9.000000000000000000e+00 1.019773518130043158e+04
9.099999999999999645e+00 1.002187117174562991e+04
9.200000000000001066e+00 1.009687762884066251e+04
9.300000000000000711e+00 1.010971575506810404e+04
9.400000000000000355e+00 1.014363631584559516e+04
9.500000000000000000e+00 1.003387392488105070e+04
9.600000000000001421e+00 1.012837659961880672e+04
9.700000000000001066e+00 1.013938577418954264e+04
9.800000000000000711e+00 1.004310971197183062e+04
9.900000000000000355e+00 1.011776690951999808e+04
1.000000000000000000e+01 1.008110144168805527e+04
1.010000000000000142e+01 1.016129276050006592e+04
1.020000000000000107e+01 1.006283664349072933e+04
1.030000000000000071e+01 1.003446755067685262e+04
1.040000000000000036e+01 1.015308616047134637e+04
1.050000000000000000e+01 1.009602907582256375e+04
1.060000000000000142e+01 1.009003406934992745e+04
1.070000000000000107e+01 1.016835134321008263e+04
1.080000000000000071e+01 1.014619934737643962e+04
1.090000000000000036e+01 1.015136505416831642e+04
1.100000000000000000e+01 1.002692850329235443e+04
1.110000000000000142e+01 1.007269186998685655e+04
1.120000000000000107e+01 1.019191832661190165e+04
1.130000000000000071e+01 1.014536179733667814e+04
1.140000000000000036e+01 1.006584024527836300e+04
1.150000000000000000e+01 1.008328688812993096e+04
1.160000000000000142e+01 1.008945952284222767e+04
1.170000000000000107e+01 1.017609138873122356e+04
1.180000000000000071e+01 1.016385708502038324e+04
1.190000000000000036e+01 1.015485287551481088e+04
1.200000000000000000e+01 1.000640358959425430e+04
1.210000000000000142e+01 1.019534308264276842e+04
1.220000000000000107e+01 1.014280276916236835e+04
1.230000000000000071e+01 1.014385409592453470e+04
1.240000000000000036e+01 1.007638290111874994e+04
1.250000000000000000e+01 1.012769149225440196e+04
1.260000000000000142e+01 1.001862294591180762e+04
1.270000000000000107e+01 1.013627340085846845e+04
1.280000000000000071e+01 1.018200750284007881e+04
1.290000000000000036e+01 1.013959568435596520e+04
1.300000000000000000e+01 1.006289547074388065e+04
1.310000000000000142e+01 1.019524419747290085e+04
1.320000000000000107e+01 1.004275864363257824e+04
1.330000000000000071e+01 1.008470237528561483e+04
1.340000000000000036e+01 1.011792068378064505e+04
1.350000000000000000e+01 1.000009520935194450e+04
1.360000000000000142e+01 1.010406472573026804e+04
1.370000000000000107e+01 1.005709908698763684e+04
1.380000000000000071e+01 1.007705494808783078e+04
1.390000000000000036e+01 1.013278045027437838e+04
1.400000000000000000e+01 1.009687883490143577e+04
1.410000000000000142e+01 1.007110661719046948e+04
1.420000000000000107e+01 1.016731539212084681e+04
1.430000000000000071e+01 1.004057716207088924e+04
1.440000000000000036e+01 1.009355314048334913e+04
1.450000000000000000e+01 1.013411978521886704e+04
1.460000000000000142e+01 1.005034070853613957e+04
1.470000000000000107e+01 1.013222027355916362e+04
1.480000000000000071e+01 1.009188164347599923e+04
1.490000000000000036e+01 1.008810240644939040e+04
1.500000000000000000e+01 1.015614145804258442e+04
1.510000000000000142e+01 1.011043089990420776e+04
1.520000000000000107e+01 1.013418822324451139e+04
1.530000000000000071e+01 1.004272367249740637e+04
1.540000000000000036e+01 1.014961193731213098e+04
1.550000000000000000e+01 1.003931705768553729e+04
1.560000000000000142e+01 1.018956894009187272e+04
1.570000000000000107e+01 1.001123009988803824e+04
1.580000000000000071e+01 1.014463277463958002e+04
1.590000000000000036e+01 1.001954597704459411e+04
1.600000000000000000e+01 1.013095739591190249e+04
1.610000000000000142e+01 1.009786248895002427e+04
1.619999999999999929e+01 1.002947570270141114e+04
1.630000000000000071e+01 1.002100986426699819e+04
1.640000000000000213e+01 1.013797768536682088e+04
1.650000000000000000e+01 1.018193743150331829e+04
1.660000000000000142e+01 1.009794727730966952e+04
1.669999999999999929e+01 1.012033572223712326e+04
1.680000000000000071e+01 1.019401747204895219e+04
1.690000000000000213e+01 1.009721370209273300e+04
1.700000000000000000e+01 1.015038294099843733e+04
1.710000000000000142e+01 1.003854722864034557e+04
1.719999999999999929e+01 1.002650134158450601e+04
1.730000000000000071e+01 1.010461204738283413e+04
1.740000000000000213e+01 1.005913919384567271e+04
1.750000000000000000e+01 1.006062269592508528e+04
1.760000000000000142e+01 1.007399920764394301e+04
1.769999999999999929e+01 1.001586261760949128e+04
1.780000000000000071e+01 1.003745951958061778e+04
1.790000000000000213e+01 1.016027898048176212e+04
1.800000000000000000e+01 1.000886336049465353e+04
1.810000000000000142e+01 1.013748923823736732e+04
1.819999999999999929e+01 1.014742207891877115e+04
1.830000000000000071e+01 1.009295690245090918e+04
1.840000000000000213e+01 1.001764098623865721e+04
1.850000000000000000e+01 1.001916675542834128e+04
1.860000000000000142e+01 1.019367013875083103e+04
1.869999999999999929e+01 1.002519171475560688e+04
1.880000000000000071e+01 1.002960380343982251e+04
1.890000000000000213e+01 1.013608388111667955e+04
1.900000000000000000e+01 1.016336861752608274e+04
1.910000000000000142e+01 1.014294985249539423e+04
1.920000000000000284e+01 1.006080735526510762e+04
1.930000000000000071e+01 1.000909575322776436e+04
1.940000000000000213e+01 1.011647592254360097e+04
1.950000000000000000e+01 1.013460839247588410e+04
1.960000000000000142e+01 1.016351527924165021e+04
1.970000000000000284e+01 1.018785201882513502e+04
1.980000000000000071e+01 1.007460894949501926e+04
1.990000000000000213e+01 1.014963499821512596e+04
2.000000000000000000e+01 1.016902458951293011e+04
2.010000000000000142e+01 1.004898252498591501e+04
2.020000000000000284e+01 1.014398926928266519e+04
2.030000000000000071e+01 1.010699476417686856e+04
2.040000000000000213e+01 1.010440378620010961e+04
2.050000000000000000e+01 1.017909957908420438e+04
2.060000000000000142e+01 1.008548305784849617e+04
2.070000000000000284e+01 1.015867137690553682e+04
2.080000000000000071e+01 1.005232313835515561e+04
2.090000000000000213e+01 1.006014485114067793e+04
2.100000000000000000e+01 1.016258039867485786e+04
2.110000000000000142e+01 1.011757568568023635e+04
2.120000000000000284e+01 1.014376064608038359e+04
2.130000000000000071e+01 1.009492797174371299e+04
2.140000000000000213e+01 1.003977375811057937e+04
2.150000000000000000e+01 1.008442766185368419e+04
2.160000000000000142e+01 1.006832882491794408e+04
2.170000000000000284e+01 1.001090989448595610e+04
2.180000000000000071e+01 1.012117132694772044e+04
2.190000000000000213e+01 1.012981194129775758e+04
2.200000000000000000e+01 1.004938215747372669e+04
2.210000000000000142e+01 1.010364995404840556e+04
2.220000000000000284e+01 1.011276243705542947e+04
2.230000000000000071e+01 1.014440682806827499e+04
2.240000000000000213e+01 1.000017870956431580e+04
2.250000000000000000e+01 1.002106511756298460e+04
2.260000000000000142e+01 1.014746797074998904e+04
2.270000000000000284e+01 1.007493897162405119e+04
2.280000000000000071e+01 1.018085358350658498e+04
2.290000000000000213e+01 1.014017934456017792e+04
2.300000000000000000e+01 1.019448105700183987e+04
2.310000000000000142e+01 1.014257642044949534e+04
2.320000000000000284e+01 1.019790346171543933e+04
2.330000000000000071e+01 1.016916336985571434e+04
2.340000000000000213e+01 1.013385894727987761e+04
2.350000000000000000e+01 1.007106196732353965e+04
2.360000000000000142e+01 1.011125084517618052e+04
2.370000000000000284e+01 1.019212229883321379e+04
2.380000000000000071e+01 1.010515901686727193e+04
2.390000000000000213e+01 1.009366277593524501e+04
2.400000000000000000e+01 1.011407536538340173e+04
2.410000000000000142e+01 1.007010788452835186e+04
2.420000000000000284e+01 1.015602089273836282e+04
2.430000000000000071e+01 1.019633305666638626e+04
2.440000000000000213e+01 1.011080393577755603e+04
2.450000000000000000e+01 1.009225329216349382e+04
2.460000000000000142e+01 1.009305084078160144e+04
2.470000000000000284e+01 1.010577433422276772e+04
2.480000000000000071e+01 1.003496597741513870e+04
2.490000000000000213e+01 1.015523446975278785e+04
2.500000000000000000e+01 1.003582069461628453e+04
2.510000000000000142e+01 1.014719964946560685e+04
2.520000000000000284e+01 1.012934995639617591e+04
2.530000000000000071e+01 1.003283958901765618e+04
2.540000000000000213e+01 1.001597485119170051e+04
2.550000000000000000e+01 1.019096473383812008e+04
2.560000000000000142e+01 1.018169068122581120e+04
2.570000000000000284e+01 1.005247283969552882e+04
2.580000000000000071e+01 1.003064448254446324e+04
2.590000000000000213e+01 1.017232477007822308e+04
2.600000000000000000e+01 1.013729389468640329e+04
2.610000000000000142e+01 1.001731624572836336e+04
2.620000000000000284e+01 1.010490919269287588e+04
2.630000000000000071e+01 1.017949502012280936e+04
2.640000000000000213e+01 1.017429922046988213e+04
2.650000000000000000e+01 1.010515275822302101e+04
2.660000000000000142e+01 1.014906497773946103e+04
2.670000000000000284e+01 1.008367477432397209e+04
2.680000000000000071e+01 1.017512410173520584e+04
2.690000000000000213e+01 1.017552388132391934e+04
2.700000000000000000e+01 1.017777429924963690e+04
2.710000000000000142e+01 1.000793307400770573e+04
2.720000000000000284e+01 1.003732302211621936e+04
2.730000000000000071e+01 1.015606400529794155e+04
2.740000000000000213e+01 1.010272481533822611e+04
2.750000000000000000e+01 1.010802712902030362e+04
2.760000000000000142e+01 1.017579093093820666e+04
2.770000000000000284e+01 1.019688329858842553e+04
2.780000000000000071e+01 1.001071544128408823e+04
2.790000000000000213e+01 1.006549032620355683e+04
2.800000000000000000e+01 1.011665032784696632e+04
2.810000000000000142e+01 1.003155603683941990e+04
2.820000000000000284e+01 1.002725077060687909e+04
2.830000000000000071e+01 1.014322362870179313e+04
2.840000000000000213e+01 1.006377371832720746e+04
2.850000000000000000e+01 1.011599777604423070e+04
2.860000000000000142e+01 1.012167492838618637e+04
2.870000000000000284e+01 1.003716374719367559e+04
2.880000000000000071e+01 1.018425726099920212e+04
2.890000000000000213e+01 1.017733066063222395e+04
2.900000000000000000e+01 1.001803947385059291e+04
2.910000000000000142e+01 1.001463284590915828e+04
2.920000000000000284e+01 1.019350871482974981e+04
2.930000000000000071e+01 1.011838941696617258e+04
2.940000000000000213e+01 1.010905221065059050e+04
2.950000000000000000e+01 1.011294814278789636e+04
2.960000000000000142e+01 1.005802095075450961e+04
2.970000000000000284e+01 1.004786978199101213e+04
2.980000000000000071e+01 1.003365215686325791e+04
2.990000000000000213e+01 1.001557899458379507e+04
3.000000000000000000e+01 1.004325605488066685e+04
3.010000000000000142e+01 1.012100093831619233e+04
3.020000000000000284e+01 1.014754947869632815e+04
3.030000000000000071e+01 1.014965257257719531e+04
3.040000000000000213e+01 1.019798893741546999e+04
3.050000000000000000e+01 1.004756997985731323e+04
3.060000000000000142e+01 1.000898671428672424e+04
3.070000000000000284e+01 1.007051430832478218e+04
3.080000000000000071e+01 1.013621442592635685e+04
3.090000000000000213e+01 1.005397293369286126e+04
3.100000000000000000e+01 1.015432664902013494e+04
3.110000000000000142e+01 1.003798082936050560e+04
3.120000000000000284e+01 1.010267467577555362e+04
3.130000000000000071e+01 1.019209610440116012e+04
3.140000000000000213e+01 1.010832061447721208e+04
3.150000000000000000e+01 1.017921935426351229e+04
3.160000000000000142e+01 1.010246149294686438e+04
3.170000000000000284e+01 1.017837779712579868e+04
3.180000000000000071e+01 1.014105554604485587e+04
3.190000000000000213e+01 1.004420874577160430e+04
3.200000000000000000e+01 1.003546242563801206e+04
3.210000000000000142e+01 1.005842389135861413e+04
3.220000000000000284e+01 1.000046863603704878e+04
3.230000000000000426e+01 1.015637494876370511e+04
3.239999999999999858e+01 1.002021182810558821e+04
3.250000000000000000e+01 1.000732004801575931e+04
3.260000000000000142e+01 1.007674667654249424e+04
3.270000000000000284e+01 1.014217736907599283e+04
3.280000000000000426e+01 1.012025752699211444e+04
3.289999999999999858e+01 1.004444904693657554e+04
3.300000000000000000e+01 1.004156572238855551e+04
3.310000000000000142e+01 1.009079221279074955e+04
3.320000000000000284e+01 1.002116430596003011e+04
3.330000000000000426e+01 1.009382111432815873e+04
3.339999999999999858e+01 1.000630230120975284e+04
3.350000000000000000e+01 1.019337046040235873e+04
3.360000000000000142e+01 1.004574296042851347e+04
3.370000000000000284e+01 1.009080933606395774e+04
3.380000000000000426e+01 1.001943304019051175e+04
3.389999999999999858e+01 1.014944072158740892e+04
3.400000000000000000e+01 1.006309069192066454e+04
3.410000000000000142e+01 1.009950417690140421e+04
3.420000000000000284e+01 1.012596518159973130e+04
3.430000000000000426e+01 1.005620504453986905e+04
3.439999999999999858e+01 1.015608149510594194e+04
3.450000000000000000e+01 1.011259793292077120e+04
3.460000000000000142e+01 1.008314894557658954e+04
3.470000000000000284e+01 1.001407413720706609e+04
3.480000000000000426e+01 1.013980752561910595e+04
3.489999999999999858e+01 1.014584276865540414e+04
3.500000000000000000e+01 1.008028153348818159e+04
3.510000000000000142e+01 1.000176457291826591e+04
3.520000000000000284e+01 1.010661683418142820e+04
3.530000000000000426e+01 1.006161662750796677e+04
3.539999999999999858e+01 1.014076333240150234e+04
3.550000000000000000e+01 1.000750793450216224e+04
3.560000000000000142e+01 1.011290638525739269e+04
3.570000000000000284e+01 1.003594210188730904e+04
3.580000000000000426e+01 1.004109515238780841e+04
3.589999999999999858e+01 1.001475161752693566e+04
3.600000000000000000e+01 1.009041638537525796e+04
3.610000000000000142e+01 1.004734151565016145e+04
3.620000000000000284e+01 1.010906383316110259e+04
3.630000000000000426e+01 1.006024884052579364e+04
3.639999999999999858e+01 1.005859941423454075e+04
3.650000000000000000e+01 1.000030977085835002e+04
3.660000000000000142e+01 1.011275958689401705e+04
3.670000000000000284e+01 1.014249059165490326e+04
3.680000000000000426e+01 1.005480522648727310e+04
3.689999999999999858e+01 1.006050329653865265e+04
3.700000000000000000e+01 1.009258026907346721e+04
3.710000000000000142e+01 1.003678807165293802e+04
3.720000000000000284e+01 1.019933253485249952e+04
3.730000000000000426e+01 1.010727436814490102e+04
3.739999999999999858e+01 1.017132334141891988e+04
3.750000000000000000e+01 1.008841828502445787e+04
3.760000000000000142e+01 1.010830890028601061e+04
3.770000000000000284e+01 1.010534105800000361e+04
3.780000000000000426e+01 1.000553253601065808e+04
3.789999999999999858e+01 1.002426944974661819e+04
3.800000000000000000e+01 1.008523008878652217e+04
3.810000000000000142e+01 1.008272656434353303e+04
3.820000000000000284e+01 1.010953360406876709e+04
3.830000000000000426e+01 1.001811596790851218e+04
3.840000000000000568e+01 1.005394803197783585e+04
3.850000000000000000e+01 1.005309002490380044e+04
3.860000000000000142e+01 1.008114336465552879e+04
3.870000000000000284e+01 1.008548309146585052e+04
3.880000000000000426e+01 1.012919285370026410e+04
3.890000000000000568e+01 1.008621007330912289e+04
3.900000000000000000e+01 1.000727763338173463e+04
3.910000000000000142e+01 1.009591397146195777e+04
3.920000000000000284e+01 1.008984333184680690e+04
3.930000000000000426e+01 1.006906104898387093e+04
3.940000000000000568e+01 1.000325132438679429e+04
3.950000000000000000e+01 1.017597112295583429e+04
3.960000000000000142e+01 1.018798745608058744e+04
3.970000000000000284e+01 1.008743745636221138e+04
3.980000000000000426e+01 1.003204188936819992e+04
3.990000000000000568e+01 1.010843930529220233e+04
4.000000000000000000e+01 1.015217436544527300e+04
4.010000000000000142e+01 1.003438569268144965e+04
4.020000000000000284e+01 1.000166007421746326e+04
4.030000000000000426e+01 1.014801837248394622e+04
4.040000000000000568e+01 1.013743154411660180e+04
4.050000000000000000e+01 1.005129210529141164e+04
4.060000000000000142e+01 1.015159781168068002e+04
4.070000000000000284e+01 1.000667492556101206e+04
4.080000000000000426e+01 1.014761125911838462e+04
4.090000000000000568e+01 1.002905807150684814e+04
4.100000000000000000e+01 1.003988610668058027e+04
4.110000000000000142e+01 1.007886801414142974e+04
4.120000000000000284e+01 1.001520807268939461e+04
4.130000000000000426e+01 1.005135297824364534e+04
4.140000000000000568e+01 1.019548886610010959e+04
4.150000000000000000e+01 1.000141785039700335e+04
4.160000000000000142e+01 1.013403674477075219e+04
4.170000000000000284e+01 1.001331773686121051e+04
4.180000000000000426e+01 1.011302033758355356e+04
4.190000000000000568e+01 1.010262239873765066e+04
4.200000000000000000e+01 1.012556078502450691e+04
4.210000000000000142e+01 1.014704938226233207e+04
4.220000000000000284e+01 1.019937859880102951e+04
4.230000000000000426e+01 1.015428517130584260e+04
4.240000000000000568e+01 1.003085330412807707e+04
4.250000000000000000e+01 1.007131541465877308e+04
4.260000000000000142e+01 1.015574235341587882e+04
4.270000000000000284e+01 1.009610252447399216e+04
4.280000000000000426e+01 1.013700355175064033e+04
4.290000000000000568e+01 1.000734944856787843e+04
4.300000000000000000e+01 1.017567602485668067e+04
4.310000000000000142e+01 1.015377145989496421e+04
4.320000000000000284e+01 1.009412832342165893e+04
4.330000000000000426e+01 1.017020523465296355e+04
4.340000000000000568e+01 1.013354477600724567e+04
4.350000000000000000e+01 1.016451629158079777e+04
4.360000000000000142e+01 1.009894704842810825e+04
4.370000000000000284e+01 1.015654532450948682e+04
4.380000000000000426e+01 1.012257709783171777e+04
4.390000000000000568e+01 1.003313160465851979e+04
4.400000000000000000e+01 1.016556100635696748e+04
4.410000000000000142e+01 1.002179547324794476e+04
4.420000000000000284e+01 1.002043240757995409e+04
4.430000000000000426e+01 1.019249288966739550e+04
4.440000000000000568e+01 1.016101700720967528e+04
4.450000000000000000e+01 1.011509646705483465e+04
4.460000000000000142e+01 1.008980464285106973e+04
4.470000000000000284e+01 1.019792582645780385e+04
4.480000000000000426e+01 1.017795527581462738e+04
4.490000000000000568e+01 1.003898704242317399e+04
4.500000000000000000e+01 1.013168864655473044e+04
4.510000000000000142e+01 1.015636157113764602e+04
4.520000000000000284e+01 1.014434216106385793e+04
4.530000000000000426e+01 1.009652307209958053e+04
4.540000000000000568e+01 1.013883275740427052e+04
4.550000000000000000e+01 1.015504046526256570e+04
4.560000000000000142e+01 1.005194326831037506e+04
4.570000000000000284e+01 1.018423040261625101e+04
4.580000000000000426e+01 1.008005050073457278e+04
4.590000000000000568e+01 1.001040252601765860e+04
4.600000000000000000e+01 1.002284665120021418e+04
4.610000000000000142e+01 1.014245475947124396e+04
4.620000000000000284e+01 1.005607082510807231e+04
4.630000000000000426e+01 1.015881328525358913e+04
4.640000000000000568e+01 1.007659771287028707e+04
4.650000000000000000e+01 1.015416321131683071e+04
4.660000000000000142e+01 1.005069231085634237e+04
4.670000000000000284e+01 1.008813895639743714e+04
4.680000000000000426e+01 1.003499412997334366e+04
4.690000000000000568e+01 1.008441912263352788e+04
4.700000000000000000e+01 1.010669308589688990e+04
4.710000000000000142e+01 1.008555349520042000e+04
4.720000000000000284e+01 1.011282876171488351e+04
4.730000000000000426e+01 1.019459308361984222e+04
4.740000000000000568e+01 1.006515362200415984e+04
4.750000000000000000e+01 1.016980312723713178e+04
4.760000000000000142e+01 1.003558593273551924e+04
4.770000000000000284e+01 1.004360832833273344e+04
4.780000000000000426e+01 1.012813118002369265e+04
4.790000000000000568e+01 1.018193324524656055e+04
4.800000000000000000e+01 1.014606678662076956e+04
4.810000000000000142e+01 1.017882878490496478e+04
4.820000000000000284e+01 1.016151613522066873e+04
4.830000000000000426e+01 1.005922753389536410e+04
4.840000000000000568e+01 1.001131784859617983e+04
4.850000000000000000e+01 1.011665189550918512e+04
4.860000000000000142e+01 1.013396850914363313e+04
4.870000000000000284e+01 1.013417771582423848e+04
4.880000000000000426e+01 1.012324510810329957e+04
4.890000000000000568e+01 1.000733849361728426e+04
4.900000000000000000e+01 1.014911423943863338e+04
4.910000000000000142e+01 1.017984425357378677e+04
4.920000000000000284e+01 1.010924407552119010e+04
4.930000000000000426e+01 1.005597147012321875e+04
4.940000000000000568e+01 1.018481759176598462e+04
4.950000000000000000e+01 1.004470918675166649e+04
4.960000000000000142e+01 1.011354220936713682e+04
4.970000000000000284e+01 1.006553445073102375e+04
4.980000000000000426e+01 1.017705922352047310e+04
4.990000000000000568e+01 1.017096035393936654e+04
5.000000000000000000e+01 1.009448053022751992e+04
5.010000000000000142e+01 1.007800748143991768e+04
5.020000000000000284e+01 1.010975036313054807e+04
5.030000000000000426e+01 1.013297351649108350e+04
5.040000000000000568e+01 1.019067295433743311e+04
5.050000000000000000e+01 1.018388799376212410e+04
5.060000000000000142e+01 1.010558332301476548e+04
5.070000000000000284e+01 1.006123639559554067e+04
5.080000000000000426e+01 1.016361809333047677e+04
5.090000000000000568e+01 1.009178653533452234e+04
5.100000000000000000e+01 1.018465319171397095e+04
5.110000000000000142e+01 1.010044138622071296e+04
5.120000000000000284e+01 1.007121075076905618e+04
5.130000000000000426e+01 1.002693615675504952e+04
5.140000000000000568e+01 1.001635060215612248e+04
5.150000000000000000e+01 1.018624408964439499e+04
5.160000000000000142e+01 1.011499023242984003e+04
5.170000000000000284e+01 1.017612715470009607e+04
5.180000000000000426e+01 1.018779519598425395e+04
5.190000000000000568e+01 1.014679404430062277e+04
5.200000000000000000e+01 1.016300631096453253e+04
5.210000000000000142e+01 1.018952980339519490e+04
5.220000000000000284e+01 1.017214937858629855e+04
5.230000000000000426e+01 1.000440508366191716e+04
5.240000000000000568e+01 1.007209397196857026e+04
5.250000000000000000e+01 1.017638263906724205e+04
5.260000000000000142e+01 1.013252695902985943e+04
5.270000000000000284e+01 1.001906596340177020e+04
5.280000000000000426e+01 1.018871494820220323e+04
5.290000000000000568e+01 1.005260051060795740e+04
5.300000000000000000e+01 1.016113739229181010e+04
5.310000000000000142e+01 1.015047647092632178e+04
5.320000000000000284e+01 1.009795142651862443e+04
5.330000000000000426e+01 1.015967674061865182e+04
5.340000000000000568e+01 1.019257080241183394e+04
5.350000000000000000e+01 1.003799574578202737e+04
5.360000000000000142e+01 1.013630210540007829e+04
5.370000000000000284e+01 1.014710818575833764e+04
5.380000000000000426e+01 1.015623448384382755e+04
5.390000000000000568e+01 1.017242132822184794e+04
5.400000000000000000e+01 1.006370287830378584e+04
5.410000000000000142e+01 1.009172051324691893e+04
5.420000000000000284e+01 1.001194342932074505e+04
5.430000000000000426e+01 1.009578159651771603e+04
5.440000000000000568e+01 1.013932870138621183e+04
5.450000000000000000e+01 1.016999219879088741e+04
5.460000000000000142e+01 1.017004757830187191e+04
5.470000000000000284e+01 1.002670540677837562e+04
5.480000000000000426e+01 1.003118337658023847e+04
5.490000000000000568e+01 1.007596734359106813e+04
5.500000000000000000e+01 1.006710119936002775e+04
5.510000000000000142e+01 1.002295023448271786e+04
5.520000000000000284e+01 1.006098483970671987e+04
5.530000000000000426e+01 1.014704234564973376e+04
5.540000000000000568e+01 1.014790258152154638e+04
5.550000000000000000e+01 1.005418355969817821e+04
5.560000000000000142e+01 1.009945354296317419e+04
5.570000000000000284e+01 1.008131870904073912e+04
5.580000000000000426e+01 1.001008440060872272e+04
5.590000000000000568e+01 1.017767201363666209e+04
5.600000000000000000e+01 1.019621302978309541e+04
5.610000000000000142e+01 1.012172540046416725e+04
5.620000000000000284e+01 1.008009676222237431e+04
5.630000000000000426e+01 1.006584089600604057e+04
5.640000000000000568e+01 1.003044407836659957e+04
5.650000000000000000e+01 1.004894919804154233e+04
5.660000000000000142e+01 1.007577107405976858e+04
5.670000000000000284e+01 1.009050554478717277e+04
5.680000000000000426e+01 1.001879898241402952e+04
5.690000000000000568e+01 1.009811893309593506e+04
5.700000000000000000e+01 1.011716312006910448e+04
5.710000000000000142e+01 1.003492962896353492e+04
5.720000000000000284e+01 1.016327926736606605e+04
5.730000000000000426e+01 1.008960299959959048e+04
5.740000000000000568e+01 1.009165655279648490e+04
5.750000000000000000e+01 1.002923387218423159e+04
5.760000000000000142e+01 1.003449858092102295e+04
5.770000000000000284e+01 1.017521630338660361e+04
5.780000000000000426e+01 1.016739301263281232e+04
5.790000000000000568e+01 1.016020540330561198e+04
5.800000000000000000e+01 1.009213573849200475e+04
5.810000000000000142e+01 1.008548249465504705e+04
5.820000000000000284e+01 1.019941444181064071e+04
5.830000000000000426e+01 1.001447565175816089e+04
5.840000000000000568e+01 1.002931571547040767e+04
5.850000000000000000e+01 1.002714873700190765e+04
5.860000000000000142e+01 1.001877960648309090e+04
5.870000000000000284e+01 1.016930126633769396e+04
5.880000000000000426e+01 1.011649990793048528e+04
5.890000000000000568e+01 1.012159311620205153e+04
5.900000000000000000e+01 1.007087401439934183e+04
5.910000000000000142e+01 1.001352653290641138e+04
5.920000000000000284e+01 1.001691379438512377e+04
5.930000000000000426e+01 1.003349142874560857e+04
5.940000000000000568e+01 1.008173734880071606e+04
5.950000000000000000e+01 1.008759386190007899e+04
5.960000000000000142e+01 1.017297485262097325e+04
5.970000000000000284e+01 1.018422050896623841e+04
5.980000000000000426e+01 1.000646367341323094e+04
5.990000000000000568e+01 1.010378661389972876e+04
6.000000000000000000e+01 1.016360998284294146e+04
6.010000000000000142e+01 1.009110984847845612e+04
6.020000000000000284e+01 1.005771589362350278e+04
6.030000000000000426e+01 1.013639190696097830e+04
6.040000000000000568e+01 1.012772459083487774e+04
6.050000000000000000e+01 1.010568756066434071e+04
6.060000000000000142e+01 1.019844159678404867e+04
6.070000000000000284e+01 1.003388514801062774e+04
6.080000000000000426e+01 1.002599619133511624e+04
6.090000000000000568e+01 1.015327319036460904e+04
6.100000000000000000e+01 1.010578652422206869e+04
6.110000000000000142e+01 1.000056523230890525e+04
6.120000000000000284e+01 1.010379737365266192e+04
6.130000000000000426e+01 1.001727820551929835e+04
6.140000000000000568e+01 1.015453909640952224e+04
6.150000000000000000e+01 1.009317598189744422e+04
6.160000000000000142e+01 1.015916512896649510e+04
6.170000000000000284e+01 1.000631375201237643e+04
6.180000000000000426e+01 1.017518602247356102e+04
6.190000000000000568e+01 1.016579897398827779e+04
6.200000000000000000e+01 1.006819315167752393e+04
6.210000000000000142e+01 1.010483847899152715e+04
6.220000000000000284e+01 1.015281311489803375e+04
6.230000000000000426e+01 1.012383828638569503e+04
6.240000000000000568e+01 1.009602722276602617e+04
6.250000000000000000e+01 1.011777700533559437e+04
6.260000000000000142e+01 1.013449300337078421e+04
6.270000000000000284e+01 1.006424749656925087e+04
6.280000000000000426e+01 1.006537421391959833e+04
6.290000000000000568e+01 1.018329261015383418e+04
6.300000000000000000e+01 1.001622951606092829e+04
6.310000000000000142e+01 1.001620281665040420e+04
6.320000000000000284e+01 1.013208991633807636e+04
6.330000000000000426e+01 1.009180940622766684e+04
6.340000000000000568e+01 1.006451311323872324e+04
6.350000000000000000e+01 1.009040922251522716e+04
6.360000000000000142e+01 1.000979393748120674e+04
6.370000000000000284e+01 1.011753281567085469e+04
6.380000000000000426e+01 1.002792735509314662e+04
6.390000000000000568e+01 1.018280028435410168e+04
6.400000000000000000e+01 1.013878815116111764e+04
6.410000000000000853e+01 1.017998882809592760e+04
6.420000000000000284e+01 1.010154652721153616e+04
6.429999999999999716e+01 1.014911466793034560e+04
6.440000000000000568e+01 1.012010277935439262e+04
6.450000000000000000e+01 1.007768267856537022e+04
6.460000000000000853e+01 1.010889639064762741e+04
6.470000000000000284e+01 1.018552316608833280e+04
6.479999999999999716e+01 1.001890159198932633e+04
6.490000000000000568e+01 1.014786125299486230e+04
6.500000000000000000e+01 1.008222712729294472e+04
6.510000000000000853e+01 1.012452885749578127e+04
6.520000000000000284e+01 1.003206039052517554e+04
6.529999999999999716e+01 1.011144984031909007e+04
6.540000000000000568e+01 1.012737030060593315e+04
6.550000000000000000e+01 1.006185296736269811e+04
6.560000000000000853e+01 1.006124653311282782e+04
6.570000000000000284e+01 1.010190179992565572e+04
6.579999999999999716e+01 1.008932572280909699e+04
6.590000000000000568e+01 1.007029807800553317e+04
6.600000000000000000e+01 1.015733550182920226e+04
6.610000000000000853e+01 1.001724404301058712e+04
6.620000000000000284e+01 1.012270753168072042e+04
6.629999999999999716e+01 1.018230032021550323e+04
6.640000000000000568e+01 1.017689144843613576e+04
6.650000000000000000e+01 1.012084478016084358e+04
6.660000000000000853e+01 1.013412101885886113e+04
6.670000000000000284e+01 1.008509969754119993e+04
6.679999999999999716e+01 1.005394897889955973e+04
6.690000000000000568e+01 1.009900927635206062e+04
6.700000000000000000e+01 1.005837697478382324e+04
6.710000000000000853e+01 1.005341512469393638e+04
6.720000000000000284e+01 1.006331077954139982e+04
6.729999999999999716e+01 1.016461964402745616e+04
6.740000000000000568e+01 1.005702838170750692e+04
6.750000000000000000e+01 1.007658956931001376e+04
6.760000000000000853e+01 1.018287866362373279e+04
6.770000000000000284e+01 1.010516620987305214e+04
6.779999999999999716e+01 1.001529949526987002e+04
6.790000000000000568e+01 1.002769262973754485e+04
6.800000000000000000e+01 1.001060308132606042e+04
6.810000000000000853e+01 1.005265647084121338e+04
6.820000000000000284e+01 1.008995199425589635e+04
6.829999999999999716e+01 1.001069711064176954e+04
6.840000000000000568e+01 1.015308465988313037e+04
6.850000000000000000e+01 1.013198792598603541e+04
6.860000000000000853e+01 1.013593362601834633e+04
6.870000000000000284e+01 1.003957043734451327e+04
6.879999999999999716e+01 1.011201959780690049e+04
6.890000000000000568e+01 1.011513043391656356e+04
6.900000000000000000e+01 1.005792040109264781e+04
6.910000000000000853e+01 1.016776464020001549e+04
6.920000000000000284e+01 1.014315095980758269e+04
6.929999999999999716e+01 1.005985119503160604e+04
6.940000000000000568e+01 1.008635190516602052e+04
6.950000000000000000e+01 1.018268226924866212e+04
6.960000000000000853e+01 1.015002790318089683e+04
6.970000000000000284e+01 1.005073179960865855e+04
6.979999999999999716e+01 1.000506230216229415e+04
6.990000000000000568e+01 1.008099207267828388e+04
7.000000000000000000e+01 1.004657023173581729e+04
7.010000000000000853e+01 1.003287641592807449e+04
7.020000000000000284e+01 1.012771557865854811e+04
7.029999999999999716e+01 1.006142108900637140e+04
7.040000000000000568e+01 1.005239592733404243e+04
7.050000000000000000e+01 1.010912038229595419e+04
7.060000000000000853e+01 1.000777105556012430e+04
7.070000000000000284e+01 1.009893054693581144e+04
7.079999999999999716e+01 1.003784871771722464e+04
7.090000000000000568e+01 1.011967581573240022e+04
7.100000000000000000e+01 1.010070857178513506e+04
7.110000000000000853e+01 1.005729007667680708e+04
7.120000000000000284e+01 1.008811981816130356e+04
7.129999999999999716e+01 1.017239195072399525e+04
7.140000000000000568e+01 1.003011117942418423e+04
7.150000000000000000e+01 1.013783981906436384e+04
7.160000000000000853e+01 1.013853280718872520e+04
7.170000000000000284e+01 1.006578327506279311e+04
7.179999999999999716e+01 1.001758289873456852e+04
7.190000000000000568e+01 1.012142875050652037e+04
7.200000000000000000e+01 1.000409572970565023e+04
7.210000000000000853e+01 1.008294524904358695e+04
7.220000000000000284e+01 1.000530700617628645e+04
7.229999999999999716e+01 1.004240328398508973e+04
7.240000000000000568e+01 1.019438978317738656e+04
7.250000000000000000e+01 1.010206474230061394e+04
7.260000000000000853e+01 1.019847972286055119e+04
7.270000000000000284e+01 1.014720154504426864e+04
7.279999999999999716e+01 1.013729915283225091e+04
7.290000000000000568e+01 1.018857011734246043e+04
7.300000000000000000e+01 1.013974620960438006e+04
7.310000000000000853e+01 1.010302052823128906e+04
7.320000000000000284e+01 1.000621645697674467e+04
7.329999999999999716e+01 1.016096562988088044e+04
7.340000000000000568e+01 1.007015689590364673e+04
7.350000000000000000e+01 1.005281581683012882e+04
7.360000000000000853e+01 1.015110143553527269e+04
7.370000000000000284e+01 1.016218885590044556e+04
7.379999999999999716e+01 1.010952724080427106e+04
7.390000000000000568e+01 1.009047505308186373e+04
7.400000000000000000e+01 1.012340535978322623e+04
7.410000000000000853e+01 1.011370875742383578e+04
7.420000000000000284e+01 1.015634962949111286e+04
7.429999999999999716e+01 1.006437711844237128e+04
7.440000000000000568e+01 1.002262848059918724e+04
7.450000000000000000e+01 1.002122079120655144e+04
7.460000000000000853e+01 1.008631771033923178e+04
7.470000000000000284e+01 1.001097599082487977e+04
7.479999999999999716e+01 1.017519621612028277e+04
7.490000000000000568e+01 1.010548992901710881e+04
7.500000000000000000e+01 1.018595305116927375e+04
7.510000000000000853e+01 1.007496735486108264e+04
7.520000000000000284e+01 1.005626076622226901e+04
7.529999999999999716e+01 1.012306551174402921e+04
7.540000000000000568e+01 1.001596059246866389e+04
7.550000000000000000e+01 1.006966536294878460e+04
7.560000000000000853e+01 1.009930168062944176e+04
7.570000000000000284e+01 1.014215956148370242e+04
7.579999999999999716e+01 1.018826128943735239e+04
7.590000000000000568e+01 1.019816327945782359e+04
7.600000000000000000e+01 1.006123239028280295e+04
7.610000000000000853e+01 1.009212464799678855e+04
7.620000000000000284e+01 1.006714904050417681e+04
7.629999999999999716e+01 1.000562755106500117e+04
7.640000000000000568e+01 1.016787073806865556e+04
7.650000000000000000e+01 1.004866937029147448e+04
7.660000000000000853e+01 1.004293033024129181e+04
7.670000000000000284e+01 1.005603855707871480e+04
7.680000000000001137e+01 1.001058183581381672e+04
7.690000000000000568e+01 1.018655339455975445e+04
7.700000000000000000e+01 1.005222120049548903e+04
7.710000000000000853e+01 1.016371779821395467e+04
7.720000000000000284e+01 1.004893716463774399e+04
7.730000000000001137e+01 1.009396289569899636e+04
7.740000000000000568e+01 1.015012154532473687e+04
7.750000000000000000e+01 1.008275635059083652e+04
7.760000000000000853e+01 1.004599169435464682e+04
7.770000000000000284e+01 1.011232655849846196e+04
7.780000000000001137e+01 1.019153865623910860e+04
7.790000000000000568e+01 1.008748620360268251e+04
7.800000000000000000e+01 1.014238501331955558e+04
7.810000000000000853e+01 1.005376240712287836e+04
7.820000000000000284e+01 1.012190955844685959e+04
7.830000000000001137e+01 1.016089097559190304e+04
7.840000000000000568e+01 1.006861247501923935e+04
7.850000000000000000e+01 1.000190288654166761e+04
7.860000000000000853e+01 1.001691375298794628e+04
7.870000000000000284e+01 1.009666302678697684e+04
7.880000000000001137e+01 1.000450928417135401e+04
7.890000000000000568e+01 1.008556218758913019e+04
7.900000000000000000e+01 1.018762183498420200e+04
7.910000000000000853e+01 1.006494239375233883e+04
7.920000000000000284e+01 1.003968050466717068e+04
7.930000000000001137e+01 1.018349793222187873e+04
7.940000000000000568e+01 1.006790417741364945e+04
7.950000000000000000e+01 1.012152211459851605e+04
7.960000000000000853e+01 1.010541438844985896e+04
7.970000000000000284e+01 1.003043312000402329e+04
7.980000000000001137e+01 1.009014604044929001e+04
7.990000000000000568e+01 1.010603340666167060e+04
8.000000000000000000e+01 1.016512711673680315e+04
8.010000000000000853e+01 1.006485585950045788e+04
8.020000000000000284e+01 1.001072548085473136e+04
8.030000000000001137e+01 1.015035422051088244e+04
8.040000000000000568e+01 1.019835037125432063e+04
8.050000000000000000e+01 1.009581267165577083e+04
8.060000000000000853e+01 1.006871918145671407e+04
8.070000000000000284e+01 1.000040939833834273e+04
8.080000000000001137e+01 1.000744190975541460e+04
8.090000000000000568e+01 1.007639786899006685e+04
8.100000000000000000e+01 1.014325076556618478e+04
8.110000000000000853e+01 1.005151464922421292e+04
8.120000000000000284e+01 1.006259357110539895e+04
8.130000000000001137e+01 1.009315212494513071e+04
8.140000000000000568e+01 1.016305265324940592e+04
8.150000000000000000e+01 1.007574423239942553e+04
8.160000000000000853e+01 1.003294530552751712e+04
8.170000000000000284e+01 1.010837699088938280e+04
8.180000000000001137e+01 1.005283389157012789e+04
8.190000000000000568e+01 1.000109697378066630e+04
8.200000000000000000e+01 1.010980387079046704e+04
8.210000000000000853e+01 1.001943011398719682e+04
8.220000000000000284e+01 1.007697463500685990e+04
8.230000000000001137e+01 1.006608567417511586e+04
8.240000000000000568e+01 1.007448552450514217e+04
8.250000000000000000e+01 1.010375969135168089e+04
8.260000000000000853e+01 1.008539427561800403e+04
8.270000000000000284e+01 1.004131188113373537e+04
8.280000000000001137e+01 1.004790772136611486e+04
8.290000000000000568e+01 1.010307516866275910e+04
8.300000000000000000e+01 1.008726229175250955e+04
8.310000000000000853e+01 1.001863212680903962e+04
8.320000000000000284e+01 1.018010606347284556e+04
8.330000000000001137e+01 1.008940546572274070e+04
8.340000000000000568e+01 1.009005624169751718e+04
8.350000000000000000e+01 1.007384003085268705e+04
8.360000000000000853e+01 1.015798469828810448e+04
8.370000000000000284e+01 1.014059270606444807e+04
8.380000000000001137e+01 1.004121378252349314e+04
8.390000000000000568e+01 1.019376440588411060e+04
8.400000000000000000e+01 1.006665727502324989e+04
8.410000000000000853e+01 1.006171684506865495e+04
8.420000000000000284e+01 1.004875354055752177e+04
8.430000000000001137e+01 1.014313010290589591e+04
8.440000000000000568e+01 1.011477206356934039e+04
8.450000000000000000e+01 1.013128667457919437e+04
8.460000000000000853e+01 1.008589451005720730e+04
8.470000000000000284e+01 1.013354878413704864e+04
8.480000000000001137e+01 1.006894604880357656e+04
8.490000000000000568e+01 1.009421885659273539e+04
8.500000000000000000e+01 1.012568088827701285e+04
8.510000000000000853e+01 1.001210149965633718e+04
8.520000000000000284e+01 1.019311940870318722e+04
8.530000000000001137e+01 1.018071011244964393e+04
8.540000000000000568e+01 1.006951314004520827e+04
8.550000000000000000e+01 1.013614467907223298e+04
8.560000000000000853e+01 1.016270091139729084e+04
8.570000000000000284e+01 1.018205671438346690e+04
8.580000000000001137e+01 1.018053165195232032e+04
8.590000000000000568e+01 1.002379970292675534e+04
8.600000000000000000e+01 1.017977310790745105e+04
8.610000000000000853e+01 1.008381199599359388e+04
8.620000000000000284e+01 1.002871875464607183e+04
8.630000000000001137e+01 1.006326243714011434e+04
8.640000000000000568e+01 1.010076616518445371e+04
8.650000000000000000e+01 1.004484050325076532e+04
8.660000000000000853e+01 1.004028859379371170e+04
8.670000000000000284e+01 1.015461532046689717e+04
8.680000000000001137e+01 1.002633420841875159e+04
8.690000000000000568e+01 1.001043643387121301e+04
8.700000000000000000e+01 1.008746739950390293e+04
8.710000000000000853e+01 1.019428322146528626e+04
8.720000000000000284e+01 1.011788526735613959e+04
8.730000000000001137e+01 1.014527010977344071e+04
8.740000000000000568e+01 1.015565757909656895e+04
8.750000000000000000e+01 1.015376929521464626e+04
8.760000000000000853e+01 1.018748201308734497e+04
8.770000000000000284e+01 1.007423335619437967e+04
8.780000000000001137e+01 1.011486624101489542e+04
8.790000000000000568e+01 1.011160170680833471e+04
8.800000000000000000e+01 1.012836973926878090e+04
8.810000000000000853e+01 1.004522686875311047e+04
8.820000000000000284e+01 1.018652381616042840e+04
8.830000000000001137e+01 1.017192686732939910e+04
8.840000000000000568e+01 1.014772156955440732e+04
8.850000000000000000e+01 1.019600908699899628e+04
8.860000000000000853e+01 1.017547413534685256e+04
8.870000000000000284e+01 1.000321610308764321e+04
8.880000000000001137e+01 1.001656430326458576e+04
8.890000000000000568e+01 1.001172675432285905e+04
8.900000000000000000e+01 1.017483548239030824e+04
8.910000000000000853e+01 1.001676413050965493e+04
8.920000000000000284e+01 1.015550312797112929e+04
8.930000000000001137e+01 1.015149874676270520e+04
8.940000000000000568e+01 1.004022240795749894e+04
8.950000000000000000e+01 1.010918716955083801e+04
8.960000000000000853e+01 1.001488287039057104e+04
8.970000000000000284e+01 1.002794528919834192e+04
8.980000000000001137e+01 1.017023511096159746e+04
8.990000000000000568e+01 1.014246557108380512e+04
9.000000000000000000e+01 1.018270415952024086e+04
9.010000000000000853e+01 1.016731845922813955e+04
9.020000000000000284e+01 1.008039284448524631e+04
9.030000000000001137e+01 1.005788941237588369e+04
9.040000000000000568e+01 1.005419969046357619e+04
9.050000000000000000e+01 1.019860027089669165e+04
9.060000000000000853e+01 1.007816831425547025e+04
9.070000000000000284e+01 1.011981818580158142e+04
9.080000000000001137e+01 1.001616198044714110e+04
9.090000000000000568e+01 1.003012307723738377e+04
9.100000000000000000e+01 1.008565624980486973e+04
9.110000000000000853e+01 1.019921581743963179e+04
9.120000000000000284e+01 1.018654783366862284e+04
9.130000000000001137e+01 1.000391870555013338e+04
9.140000000000000568e+01 1.018090795042826176e+04
9.150000000000000000e+01 1.001292352143949756e+04
9.160000000000000853e+01 1.016212391079770532e+04
9.170000000000000284e+01 1.008188402265748664e+04
9.180000000000001137e+01 1.013072331030495297e+04
9.190000000000000568e+01 1.002820698963884934e+04
9.200000000000000000e+01 1.011405502679660094e+04
9.210000000000000853e+01 1.001494221801213462e+04
9.220000000000000284e+01 1.004696907467653546e+04
9.230000000000001137e+01 1.001415634976060937e+04
9.240000000000000568e+01 1.009451442521708668e+04
9.250000000000000000e+01 1.013956744144168260e+04
9.260000000000000853e+01 1.008104390833543766e+04
9.270000000000000284e+01 1.017123186921206980e+04
9.280000000000001137e+01 1.005725713183870175e+04
9.290000000000000568e+01 1.018275506329775999e+04
9.300000000000000000e+01 1.006177575579934819e+04
9.310000000000000853e+01 1.008802992258583981e+04
9.320000000000000284e+01 1.009944163972017486e+04
9.330000000000001137e+01 1.010924826257689529e+04
9.340000000000000568e+01 1.012205685235634883e+04
9.350000000000000000e+01 1.008606131636094324e+04
9.360000000000000853e+01 1.009428925002333381e+04
9.370000000000000284e+01 1.012677661487258774e+04
9.380000000000001137e+01 1.000970820608437134e+04
9.390000000000000568e+01 1.009891855438113271e+04
9.400000000000000000e+01 1.014192134052960682e+04
9.410000000000000853e+01 1.008007595026659146e+04
9.420000000000000284e+01 1.013215199353325443e+04
9.430000000000001137e+01 1.009559491817601702e+04
9.440000000000000568e+01 1.014750895219368613e+04
9.450000000000000000e+01 1.018871402430589114e+04
9.460000000000000853e+01 1.008952818052834300e+04
9.470000000000000284e+01 1.005997322367954621e+04
9.480000000000001137e+01 1.011508925494580217e+04
9.490000000000000568e+01 1.001490980832322748e+04
9.500000000000000000e+01 1.002081394255441955e+04
9.510000000000000853e+01 1.004950066346328822e+04
9.520000000000000284e+01 1.008805132106440396e+04
9.530000000000001137e+01 1.002708968381209888e+04
9.540000000000000568e+01 1.018738137069537515e+04
9.550000000000000000e+01 1.005798505723727249e+04
9.560000000000000853e+01 1.006235973553116128e+04
9.570000000000000284e+01 1.005189662880276410e+04
9.580000000000001137e+01 1.012892528322069847e+04
9.590000000000000568e+01 1.005975432224269935e+04
9.600000000000000000e+01 1.006362255909733358e+04
9.610000000000000853e+01 1.000683661188805854e+04
9.620000000000000284e+01 1.011438039632356958e+04
9.630000000000001137e+01 1.001388131907852221e+04
9.640000000000000568e+01 1.017278594660447197e+04
9.650000000000000000e+01 1.016831575050399078e+04
9.660000000000000853e+01 1.010651302188317823e+04
9.670000000000000284e+01 1.001291258485324579e+04
9.680000000000001137e+01 1.007068324724351987e+04
9.690000000000000568e+01 1.017804410299281699e+04
9.700000000000000000e+01 1.016664690382008303e+04
9.710000000000000853e+01 1.006037748021811421e+04
9.720000000000000284e+01 1.016909227519927663e+04
9.730000000000001137e+01 1.018223969099125134e+04
9.740000000000000568e+01 1.002452800778555502e+04
9.750000000000000000e+01 1.019013830642065295e+04
9.760000000000000853e+01 1.006526709680872773e+04
9.770000000000000284e+01 1.016840297695042318e+04
9.780000000000001137e+01 1.005411086066212010e+04
9.790000000000000568e+01 1.008065491622177069e+04
9.800000000000000000e+01 1.002428392786829318e+04
9.810000000000000853e+01 1.008765756562995193e+04
9.820000000000000284e+01 1.019265209875821529e+04
9.830000000000001137e+01 1.018912113401166062e+04
9.840000000000000568e+01 1.003189261686980171e+04
9.850000000000000000e+01 1.012792888848401708e+04
9.860000000000000853e+01 1.000687581470123587e+04
9.870000000000000284e+01 1.011307340764735636e+04
9.880000000000001137e+01 1.005205111979368121e+04
9.890000000000000568e+01 1.017752842458818122e+04
9.900000000000000000e+01 1.005787358870466414e+04
9.910000000000000853e+01 1.006541589760254101e+04
9.920000000000000284e+01 1.014456832355327970e+04
9.930000000000001137e+01 1.013658189380925251e+04
9.940000000000000568e+01 1.010974807000050350e+04
9.950000000000000000e+01 1.011929016876916285e+04
9.960000000000000853e+01 1.018604173206352789e+04
9.970000000000000284e+01 1.003962178371346090e+04
9.980000000000001137e+01 1.015734393032902153e+04
9.990000000000000568e+01 1.017034355051049533e+04
1.000000000000000000e+02 1.012445288257060383e+04
1.001000000000000085e+02 1.005488749351061415e+04
1.002000000000000028e+02 1.009159233996429793e+04
1.003000000000000114e+02 1.019323786699174889e+04
1.004000000000000057e+02 1.000651134075842674e+04
1.005000000000000000e+02 1.007981230570280968e+04
1.006000000000000085e+02 1.010671717620318850e+04
1.007000000000000028e+02 1.009112681004538899e+04
1.008000000000000114e+02 1.009344459908252611e+04
1.009000000000000057e+02 1.001171400142682614e+04
1.010000000000000000e+02 1.015329303013651588e+04
1.011000000000000085e+02 1.001200215904433571e+04
1.012000000000000028e+02 1.010024849118922248e+04
1.013000000000000114e+02 1.019326417590309939e+04
1.014000000000000057e+02 1.012491376014857815e+04
1.015000000000000000e+02 1.000951814540450141e+04
1.016000000000000085e+02 1.008380321823674058e+04
1.017000000000000028e+02 1.003957618410808209e+04
1.018000000000000114e+02 1.006225312357595976e+04
1.019000000000000057e+02 1.017947176086475338e+04
1.020000000000000000e+02 1.001351732742647982e+04
1.021000000000000085e+02 1.012275966343212167e+04
1.022000000000000028e+02 1.011036236032799570e+04
1.023000000000000114e+02 1.000865360762180353e+04
1.024000000000000057e+02 1.005149889065548450e+04
1.025000000000000000e+02 1.004693825911340900e+04
1.026000000000000085e+02 1.010991880772320292e+04
1.027000000000000028e+02 1.016691186881017165e+04
1.028000000000000114e+02 1.016632418906064595e+04
1.029000000000000057e+02 1.007523259483283982e+04
1.030000000000000000e+02 1.007675758011810649e+04
1.031000000000000085e+02 1.002560432091665643e+04
1.032000000000000028e+02 1.009316443003251879e+04
1.033000000000000114e+02 1.009337403090712905e+04
1.034000000000000057e+02 1.007081959517382165e+04
1.035000000000000000e+02 1.013518586971329023e+04
1.036000000000000085e+02 1.015236270699265515e+04
1.037000000000000028e+02 1.002156570974526949e+04
1.038000000000000114e+02 1.001015901642064637e+04
1.039000000000000057e+02 1.009072687070084976e+04
1.040000000000000000e+02 1.011096447485036333e+04
1.041000000000000085e+02 1.012092020127553224e+04
1.042000000000000028e+02 1.004140582835407804e+04
1.043000000000000114e+02 1.002533336524976221e+04
1.044000000000000057e+02 1.003489081588585941e+04
1.045000000000000000e+02 1.018999068203903153e+04
1.046000000000000085e+02 1.000828916878621021e+04
1.047000000000000028e+02 1.012509946686324292e+04
1.048000000000000114e+02 1.006024839961943690e+04
1.049000000000000057e+02 1.003948501672846214e+04
1.050000000000000000e+02 1.001071952960200542e+04
1.051000000000000085e+02 1.006335716423030499e+04
1.052000000000000028e+02 1.018735791004428211e+04
1.053000000000000114e+02 1.006177674590701281e+04
1.054000000000000057e+02 1.000732098287210829e+04
1.055000000000000000e+02 1.017684525271821258e+04
1.056000000000000085e+02 1.007688650340530148e+04
1.057000000000000028e+02 1.006905131282513503e+04
1.058000000000000114e+02 1.015136705658201572e+04
1.059000000000000057e+02 1.004867627627314141e+04
1.060000000000000000e+02 1.017034952260426508e+04
1.061000000000000085e+02 1.003108957551806452e+04
1.062000000000000028e+02 1.002628103727028611e+04
1.063000000000000114e+02 1.013984981388073720e+04
1.064000000000000057e+02 1.017720047869824521e+04
1.065000000000000000e+02 1.013939471411305567e+04
1.066000000000000085e+02 1.006081044767812455e+04
1.067000000000000028e+02 1.015142031976051294e+04
1.068000000000000114e+02 1.014239025783116631e+04
1.069000000000000057e+02 1.017390117574591022e+04
1.070000000000000000e+02 1.000790161230845479e+04
1.071000000000000085e+02 1.018183860623907276e+04
1.072000000000000028e+02 1.013041946683342394e+04
1.073000000000000114e+02 1.011895522788831113e+04
1.074000000000000057e+02 1.003077012832000401e+04
1.075000000000000000e+02 1.014083483695307041e+04
1.076000000000000085e+02 1.015804743707867419e+04
1.077000000000000028e+02 1.013930280561152722e+04
1.078000000000000114e+02 1.010786477119722076e+04
1.079000000000000057e+02 1.015074765023830878e+04
1.080000000000000000e+02 1.012055275847158737e+04
1.081000000000000085e+02 1.009208970194419635e+04
1.082000000000000028e+02 1.011007854269532436e+04
1.083000000000000114e+02 1.015381178064258893e+04
1.084000000000000057e+02 1.014306987611758632e+04
1.085000000000000000e+02 1.001212218642446169e+04
1.086000000000000085e+02 1.019909950717664651e+04
1.087000000000000028e+02 1.007522923666815950e+04
1.088000000000000114e+02 1.004110667176734023e+04
1.089000000000000057e+02 1.009338302607539117e+04
1.090000000000000000e+02 1.013719855476346311e+04
1.091000000000000085e+02 1.013172743120435553e+04
1.092000000000000028e+02 1.006938735643511063e+04
1.093000000000000114e+02 1.014136866227714563e+04
1.094000000000000057e+02 1.003892896757534436e+04
1.095000000000000000e+02 1.014159293156848616e+04
1.096000000000000085e+02 1.004817662578297131e+04
1.097000000000000028e+02 1.006013233129634136e+04
1.098000000000000114e+02 1.006017188509395055e+04
1.099000000000000057e+02 1.016756232091455422e+04
1.100000000000000000e+02 1.007162475719116992e+04
1.101000000000000085e+02 1.015001294963613145e+04
1.102000000000000028e+02 1.006971002574986233e+04
1.103000000000000114e+02 1.006016081747725548e+04
1.104000000000000057e+02 1.010548646139139055e+04
1.105000000000000000e+02 1.011650614188820873e+04
1.106000000000000085e+02 1.012086823269393244e+04
1.107000000000000028e+02 1.009796204651670814e+04
1.108000000000000114e+02 1.017338505931254258e+04
1.109000000000000057e+02 1.002680221558136691e+04
1.110000000000000000e+02 1.014572123415661372e+04
1.111000000000000085e+02 1.019172227438215850e+04
1.112000000000000028e+02 1.015932133129798603e+04
1.113000000000000114e+02 1.004338538963985593e+04
1.114000000000000057e+02 1.005692024152021440e+04
1.115000000000000000e+02 1.003604284413793903e+04
1.116000000000000085e+02 1.013530209077881409e+04
1.117000000000000028e+02 1.009260161176366455e+04
1.118000000000000114e+02 1.012705363749583194e+04
1.119000000000000057e+02 1.001348274040550677e+04
1.120000000000000000e+02 1.015391629797077258e+04
1.121000000000000085e+02 1.000568360194049092e+04
1.122000000000000028e+02 1.015968229827051073e+04
1.123000000000000114e+02 1.002506362652372991e+04
1.124000000000000057e+02 1.016154842918664144e+04
1.125000000000000000e+02 1.004246335455781627e+04
1.126000000000000085e+02 1.004349906755151460e+04
1.127000000000000028e+02 1.012723040288548145e+04
1.128000000000000114e+02 1.002818405431358769e+04
1.129000000000000057e+02 1.014685866410728158e+04
1.130000000000000000e+02 1.019233077900105309e+04
1.131000000000000085e+02 1.010520807606421840e+04
1.132000000000000028e+02 1.012924872946848336e+04
1.133000000000000114e+02 1.007613807991947579e+04
1.134000000000000057e+02 1.012359817889882288e+04
1.135000000000000000e+02 1.008080668226756279e+04
1.136000000000000085e+02 1.002443843940808256e+04
1.137000000000000028e+02 1.016085830509202788e+04
1.138000000000000114e+02 1.012189254774579786e+04
1.139000000000000057e+02 1.013902227719600705e+04
1.140000000000000000e+02 1.002534355984798458e+04
1.141000000000000085e+02 1.016235124347134115e+04
1.142000000000000028e+02 1.018023824035639700e+04
1.143000000000000114e+02 1.002344211475361953e+04
1.144000000000000057e+02 1.005864348892971066e+04
1.145000000000000000e+02 1.003447325912646556e+04
1.146000000000000085e+02 1.006677405070787063e+04
1.147000000000000028e+02 1.007681156224910592e+04
1.148000000000000114e+02 1.005695132845134503e+04
1.149000000000000057e+02 1.009352735154177753e+04
1.150000000000000000e+02 1.012945420505552283e+04
1.151000000000000085e+02 1.002397452890465502e+04
1.152000000000000028e+02 1.019054563245418285e+04
1.153000000000000114e+02 1.000919512160694103e+04
1.154000000000000057e+02 1.009374228013333413e+04
1.155000000000000000e+02 1.003601212782647417e+04
1.156000000000000085e+02 1.003814369556921156e+04
1.157000000000000028e+02 1.015654950285011364e+04
1.158000000000000114e+02 1.010694004668539674e+04
1.159000000000000057e+02 1.016082457046473792e+04
1.160000000000000000e+02 1.006766065132088988e+04
1.161000000000000085e+02 1.002417147881583514e+04
1.162000000000000028e+02 1.008825013725736608e+04
1.163000000000000114e+02 1.011328742267550297e+04
1.164000000000000057e+02 1.018223056661927694e+04
1.165000000000000000e+02 1.017585952686983183e+04
1.166000000000000085e+02 1.000622958505795941e+04
1.167000000000000028e+02 1.013127246445487071e+04
1.168000000000000114e+02 1.005726732504421489e+04
1.169000000000000057e+02 1.017681226995782527e+04
1.170000000000000000e+02 1.001785582231811532e+04
1.171000000000000085e+02 1.009597411616755926e+04
1.172000000000000028e+02 1.006077361670050959e+04
1.173000000000000114e+02 1.008274347490352011e+04
1.174000000000000057e+02 1.000485566177512555e+04
1.175000000000000000e+02 1.006915280010988499e+04
1.176000000000000085e+02 1.017718628141555564e+04
1.177000000000000028e+02 1.000537551648951921e+04
1.178000000000000114e+02 1.019957720177071860e+04
1.179000000000000057e+02 1.001494537506657070e+04
1.180000000000000000e+02 1.003914141901406038e+04
1.181000000000000085e+02 1.015996070330037946e+04
1.182000000000000028e+02 1.018623296000462142e+04
1.183000000000000114e+02 1.007612554166185146e+04
1.184000000000000057e+02 1.016062977517956642e+04
1.185000000000000000e+02 1.009954259222509972e+04
1.186000000000000085e+02 1.015498900537146255e+04
1.187000000000000028e+02 1.001133565950085540e+04
1.188000000000000114e+02 1.005128277933850950e+04
1.189000000000000057e+02 1.007434458052481750e+04
1.190000000000000000e+02 1.017151454707699122e+04
1.191000000000000085e+02 1.003390832866694655e+04
1.192000000000000028e+02 1.001555022850002388e+04
1.193000000000000114e+02 1.016226557531466278e+04
1.194000000000000057e+02 1.006266886398572933e+04
1.195000000000000000e+02 1.009008707703403888e+04
1.196000000000000085e+02 1.014642333629602581e+04
1.197000000000000028e+02 1.012171655451227343e+04
1.198000000000000114e+02 1.015846288730634842e+04
1.199000000000000057e+02 1.008656344379959228e+04
1.200000000000000000e+02 1.007855791010005305e+04
1.201000000000000085e+02 1.010572561969468006e+04
1.202000000000000028e+02 1.014754276802238928e+04
1.203000000000000114e+02 1.019535625775901644e+04
1.204000000000000057e+02 1.013663221955383960e+04
1.205000000000000000e+02 1.001754932188225575e+04
1.206000000000000085e+02 1.012789441927643747e+04
1.207000000000000028e+02 1.009256688763639067e+04
1.208000000000000114e+02 1.003097961275958914e+04
1.209000000000000057e+02 1.015232563721026963e+04
1.210000000000000000e+02 1.007606851165571970e+04
1.211000000000000085e+02 1.010179528814043624e+04
1.212000000000000028e+02 1.006578210731105719e+04
1.213000000000000114e+02 1.012831345064377638e+04
1.214000000000000057e+02 1.002711190506820276e+04
1.215000000000000000e+02 1.017513858005678412e+04
1.216000000000000085e+02 1.001525157965064682e+04
1.217000000000000028e+02 1.011601044354654368e+04
1.218000000000000114e+02 1.012448170400166418e+04
1.219000000000000057e+02 1.019062233260378889e+04
1.220000000000000000e+02 1.007148698784898806e+04
1.221000000000000085e+02 1.019772163695788913e+04
1.222000000000000028e+02 1.012717493444745560e+04
1.223000000000000114e+02 1.019445359304619888e+04
1.224000000000000057e+02 1.013028967342275246e+04
1.225000000000000000e+02 1.012240215531417562e+04
1.226000000000000085e+02 1.014106085509334480e+04
1.227000000000000028e+02 1.011206915100340120e+04
1.228000000000000114e+02 1.001092198650059800e+04
1.229000000000000057e+02 1.001381596177627580e+04
1.230000000000000000e+02 1.019909032869827388e+04
1.231000000000000085e+02 1.002168475186168871e+04
1.232000000000000028e+02 1.007117013958717871e+04
1.233000000000000114e+02 1.019086095114484488e+04
1.234000000000000057e+02 1.019287980142365086e+04
1.235000000000000000e+02 1.016297788890947959e+04
1.236000000000000085e+02 1.003583162806044675e+04
1.237000000000000028e+02 1.011501871853445300e+04
1.238000000000000114e+02 1.016193859901073120e+04
1.239000000000000057e+02 1.009886633421897022e+04
1.240000000000000000e+02 1.005362115158416782e+04
1.241000000000000085e+02 1.004754025408146481e+04
1.242000000000000028e+02 1.003144747791009650e+04
1.243000000000000114e+02 1.012506146049967174e+04
1.244000000000000057e+02 1.002659862851261278e+04
1.245000000000000000e+02 1.007140175498312419e+04
1.246000000000000085e+02 1.004137089836410632e+04
1.247000000000000028e+02 1.015792156250235166e+04
1.248000000000000114e+02 1.001753491036486594e+04
1.249000000000000057e+02 1.008891401509591924e+04
1.250000000000000000e+02 1.008554228314214379e+04
1.251000000000000085e+02 1.001370646110170128e+04
1.252000000000000028e+02 1.015930350797864958e+04
1.253000000000000114e+02 1.007108486647472455e+04
1.254000000000000057e+02 1.010405006469718683e+04
1.255000000000000000e+02 1.008970104423654993e+04
1.256000000000000085e+02 1.003538203793634602e+04
1.257000000000000028e+02 1.016996677576735237e+04
1.258000000000000114e+02 1.013940724631951707e+04
1.259000000000000057e+02 1.012361517035009638e+04
1.260000000000000000e+02 1.005875879104335036e+04
1.261000000000000085e+02 1.011468078684292595e+04
1.262000000000000028e+02 1.008280246249516313e+04
1.263000000000000114e+02 1.010505125497886183e+04
1.264000000000000057e+02 1.013497313711693641e+04
1.265000000000000000e+02 1.017003080022420909e+04
1.266000000000000085e+02 1.000025803166659352e+04
1.267000000000000028e+02 1.018304612968969741e+04
1.268000000000000114e+02 1.004367625521260925e+04
1.269000000000000057e+02 1.019414483846022813e+04
1.270000000000000000e+02 1.018674167163060702e+04
1.271000000000000085e+02 1.000269596696581539e+04
1.272000000000000028e+02 1.016820950399746289e+04
1.273000000000000114e+02 1.011831603911129241e+04
1.274000000000000057e+02 1.000030860813221079e+04
1.275000000000000000e+02 1.008128153507602656e+04
1.276000000000000085e+02 1.001420780868389920e+04
1.277000000000000028e+02 1.019011571814923991e+04
1.278000000000000114e+02 1.015281749834300717e+04
1.279000000000000057e+02 1.005868609190986717e+04
1.280000000000000000e+02 1.009442445006860726e+04
1.280999999999999943e+02 1.014906168437443921e+04
1.282000000000000171e+02 1.015883325873956710e+04
1.283000000000000114e+02 1.019316473404107637e+04
1.284000000000000057e+02 1.012761837819544598e+04
1.285000000000000000e+02 1.001928245941729801e+04
1.285999999999999943e+02 1.015090584710195253e+04
1.287000000000000171e+02 1.016430597137384029e+04
1.288000000000000114e+02 1.000888589751281870e+04
1.289000000000000057e+02 1.005841340793570453e+04
1.290000000000000000e+02 1.009990768667270822e+04
1.290999999999999943e+02 1.010594493498934207e+04
1.292000000000000171e+02 1.010505327235517143e+04
1.293000000000000114e+02 1.011533542078102619e+04
1.294000000000000057e+02 1.000019316778717257e+04
1.295000000000000000e+02 1.008037932032039862e+04
1.295999999999999943e+02 1.016759348408397454e+04
1.297000000000000171e+02 1.001012612544089279e+04
1.298000000000000114e+02 1.007476135601709393e+04
1.299000000000000057e+02 1.004387463261105222e+04
1.300000000000000000e+02 1.003244439420481467e+04
1.300999999999999943e+02 1.016178707403901899e+04
1.302000000000000171e+02 1.015057149241529078e+04
1.303000000000000114e+02 1.000250790201233576e+04
1.304000000000000057e+02 1.006663144593789002e+04
1.305000000000000000e+02 1.010408379254143620e+04
1.305999999999999943e+02 1.003915511350957604e+04
1.307000000000000171e+02 1.000949364625815542e+04
1.308000000000000114e+02 1.016808147457600535e+04
1.309000000000000057e+02 1.014220033567221981e+04
1.310000000000000000e+02 1.004690449565018935e+04
1.310999999999999943e+02 1.011990470495339287e+04
1.312000000000000171e+02 1.001211560966941033e+04
1.313000000000000114e+02 1.001564643367555072e+04
1.314000000000000057e+02 1.010421442059032415e+04
1.315000000000000000e+02 1.002105601650503195e+04
1.315999999999999943e+02 1.017756461757005491e+04
1.317000000000000171e+02 1.009904618845477125e+04
1.318000000000000114e+02 1.012995496547857510e+04
1.319000000000000057e+02 1.012550776394140485e+04
1.320000000000000000e+02 1.006285621933785842e+04
1.320999999999999943e+02 1.017623043695427623e+04
1.322000000000000171e+02 1.018416579475902290e+04
1.323000000000000114e+02 1.009008265283220499e+04
1.324000000000000057e+02 1.015397557125806270e+04
1.325000000000000000e+02 1.012341492142544485e+04
1.325999999999999943e+02 1.009188211504949140e+04
1.327000000000000171e+02 1.008556078336014798e+04
1.328000000000000114e+02 1.014605433918153540e+04
1.329000000000000057e+02 1.004142852149240389e+04
1.330000000000000000e+02 1.005631960873282151e+04
1.330999999999999943e+02 1.014245764788081397e+04
1.332000000000000171e+02 1.019531073105573523e+04
1.333000000000000114e+02 1.013948681628642589e+04
1.334000000000000057e+02 1.003506944176936486e+04
1.335000000000000000e+02 1.007764105450616808e+04
1.335999999999999943e+02 1.004510307257959175e+04
1.337000000000000171e+02 1.003041121660174576e+04
1.338000000000000114e+02 1.018333619636548246e+04
1.339000000000000057e+02 1.005689318500197078e+04
1.340000000000000000e+02 1.001664474115735538e+04
1.340999999999999943e+02 1.003309762016345303e+04
1.342000000000000171e+02 1.014582993340895700e+04
1.343000000000000114e+02 1.013964024753037120e+04
1.344000000000000057e+02 1.005613003244695392e+04
1.345000000000000000e+02 1.001281036412981121e+04
1.345999999999999943e+02 1.013974176145457022e+04
1.347000000000000171e+02 1.003063613653246284e+04
1.348000000000000114e+02 1.002568833432135034e+04
1.349000000000000057e+02 1.012017299625727901e+04
1.350000000000000000e+02 1.007138457875859785e+04
1.350999999999999943e+02 1.000631045547916437e+04
1.352000000000000171e+02 1.003918027656326012e+04
1.353000000000000114e+02 1.009003255390598497e+04
1.354000000000000057e+02 1.017890066669271437e+04
1.355000000000000000e+02 1.007808314316748510e+04
1.355999999999999943e+02 1.013975041440038876e+04
1.357000000000000171e+02 1.008680381628384021e+04
1.358000000000000114e+02 1.012401935755731029e+04
1.359000000000000057e+02 1.010263464893212404e+04
1.360000000000000000e+02 1.008556406577879716e+04
1.360999999999999943e+02 1.005749949824252326e+04
1.362000000000000171e+02 1.012013465794118201e+04
1.363000000000000114e+02 1.000833117320145720e+04
1.364000000000000057e+02 1.017434331281055893e+04
1.365000000000000000e+02 1.004777636248509043e+04
1.365999999999999943e+02 1.019604280732516418e+04
1.367000000000000171e+02 1.005822372001674375e+04
1.368000000000000114e+02 1.017978493048217751e+04
1.369000000000000057e+02 1.005401898966303270e+04
1.370000000000000000e+02 1.014398908293577006e+04
1.370999999999999943e+02 1.015473756861437141e+04
1.372000000000000171e+02 1.013168227533963363e+04
1.373000000000000114e+02 1.014618583677378228e+04
1.374000000000000057e+02 1.013768368077140440e+04
1.375000000000000000e+02 1.000048739187069077e+04
1.375999999999999943e+02 1.004895355734924487e+04
1.377000000000000171e+02 1.018805844762938250e+04
1.378000000000000114e+02 1.015270530903132021e+04
1.379000000000000057e+02 1.000446272082433279e+04
1.380000000000000000e+02 1.007793120837986135e+04
1.380999999999999943e+02 1.016799039062919110e+04
1.382000000000000171e+02 1.000300804265515762e+04
1.383000000000000114e+02 1.016737103238013879e+04
1.384000000000000057e+02 1.000149090271003115e+04
1.385000000000000000e+02 1.000902853580286137e+04
1.385999999999999943e+02 1.005470235371862509e+04
1.387000000000000171e+02 1.019126526610480687e+04
1.388000000000000114e+02 1.011918035414698716e+04
1.389000000000000057e+02 1.001338456884509651e+04
1.390000000000000000e+02 1.011001891156984675e+04
1.390999999999999943e+02 1.009474327225456182e+04
1.392000000000000171e+02 1.015589846324585596e+04
1.393000000000000114e+02 1.018558279376157952e+04
1.394000000000000057e+02 1.016823000716651586e+04
1.395000000000000000e+02 1.016514992296076889e+04
1.395999999999999943e+02 1.006041220698851794e+04
1.397000000000000171e+02 1.003420271207716542e+04
1.398000000000000114e+02 1.013902316502481699e+04
1.399000000000000057e+02 1.013956304510874907e+04
1.400000000000000000e+02 1.014818372741392159e+04
1.400999999999999943e+02 1.002097561322924957e+04
1.402000000000000171e+02 1.011846546783739359e+04
1.403000000000000114e+02 1.017749790584182119e+04
1.404000000000000057e+02 1.011131568728154889e+04
1.405000000000000000e+02 1.009576422757841647e+04
1.405999999999999943e+02 1.016150703415515818e+04
1.407000000000000171e+02 1.011054788305958755e+04
1.408000000000000114e+02 1.002047481430328480e+04
1.409000000000000057e+02 1.011649801534642029e+04
1.410000000000000000e+02 1.018600235944351880e+04
1.410999999999999943e+02 1.006237072808028825e+04
1.412000000000000171e+02 1.004326867674678942e+04
1.413000000000000114e+02 1.018393450444168047e+04
1.414000000000000057e+02 1.007504928637261037e+04
1.415000000000000000e+02 1.003332206731037331e+04
1.415999999999999943e+02 1.009579406282715900e+04
1.417000000000000171e+02 1.001265627254838910e+04
1.418000000000000114e+02 1.011037897423531285e+04
1.419000000000000057e+02 1.000886678787025085e+04
1.420000000000000000e+02 1.013740290518011534e+04
1.420999999999999943e+02 1.009135542053389509e+04
1.422000000000000171e+02 1.003630580972102689e+04
1.423000000000000114e+02 1.005881028959343348e+04
1.424000000000000057e+02 1.008893818440074756e+04
1.425000000000000000e+02 1.011025003825569365e+04
1.425999999999999943e+02 1.003653744543205175e+04
1.427000000000000171e+02 1.001994861528368165e+04
1.428000000000000114e+02 1.017519557645368695e+04
1.429000000000000057e+02 1.016489160808362794e+04
1.430000000000000000e+02 1.017267410071779705e+04
1.430999999999999943e+02 1.015136339430574299e+04
1.432000000000000171e+02 1.006585874142850298e+04
1.433000000000000114e+02 1.008571339693565460e+04
1.434000000000000057e+02 1.015435551546506576e+04
1.435000000000000000e+02 1.008831211984322908e+04
1.435999999999999943e+02 1.016849321998661253e+04
1.437000000000000171e+02 1.004993361420661131e+04
1.438000000000000114e+02 1.005612125680912686e+04
1.439000000000000057e+02 1.016390437507314527e+04
1.440000000000000000e+02 1.004858127578399035e+04
1.440999999999999943e+02 1.017929566200422596e+04
1.442000000000000171e+02 1.007872111748216048e+04
1.443000000000000114e+02 1.002173420830938267e+04
1.444000000000000057e+02 1.003104583828559771e+04
1.445000000000000000e+02 1.007354285296759372e+04
1.445999999999999943e+02 1.001205959413224627e+04
1.447000000000000171e+02 1.005726345187118204e+04
1.448000000000000114e+02 1.002735513240904584e+04
1.449000000000000057e+02 1.007888531691153003e+04
1.450000000000000000e+02 1.012893683352035805e+04
1.450999999999999943e+02 1.015055776138807778e+04
1.452000000000000171e+02 1.012886210636262149e+04
1.453000000000000114e+02 1.010505457879758433e+04
1.454000000000000057e+02 1.010730374040489733e+04
1.455000000000000000e+02 1.000045917726687185e+04
1.455999999999999943e+02 1.006686998362170198e+04
1.457000000000000171e+02 1.006943628151989105e+04
1.458000000000000114e+02 1.015620866861555623e+04
1.459000000000000057e+02 1.006790350213985221e+04
1.460000000000000000e+02 1.000604905523023444e+04
1.460999999999999943e+02 1.004120641154562327e+04
1.462000000000000171e+02 1.010372916442894348e+04
1.463000000000000114e+02 1.009966141504511506e+04
1.464000000000000057e+02 1.012732119719720140e+04
1.465000000000000000e+02 1.018599985533504514e+04
1.465999999999999943e+02 1.003192423761860118e+04
1.467000000000000171e+02 1.006508462664901708e+04
1.468000000000000114e+02 1.016009225445076117e+04
1.469000000000000057e+02 1.013436857949898331e+04
1.470000000000000000e+02 1.012467643660297836e+04
1.470999999999999943e+02 1.017479081546149791e+04
1.472000000000000171e+02 1.003661124478281272e+04
1.473000000000000114e+02 1.008590086523095852e+04
1.474000000000000057e+02 1.009214864563672927e+04
1.475000000000000000e+02 1.016197725411947613e+04
1.475999999999999943e+02 1.013323040495081295e+04
1.477000000000000171e+02 1.013258007289638226e+04
1.478000000000000114e+02 1.016620945069419031e+04
1.479000000000000057e+02 1.000123469418655441e+04
1.480000000000000000e+02 1.000427430442021978e+04
1.480999999999999943e+02 1.015055033818357879e+04
1.482000000000000171e+02 1.003693010265004341e+04
1.483000000000000114e+02 1.009667509835387500e+04
1.484000000000000057e+02 1.005859354555647406e+04
1.485000000000000000e+02 1.002056578109862858e+04
1.485999999999999943e+02 1.004498713708591458e+04
1.487000000000000171e+02 1.018009942550579763e+04
1.488000000000000114e+02 1.006337782837831583e+04
1.489000000000000057e+02 1.009069003150014942e+04
1.490000000000000000e+02 1.016579800833354602e+04
1.490999999999999943e+02 1.011261114456809992e+04
1.492000000000000171e+02 1.001503294055901461e+04
1.493000000000000114e+02 1.011780600726950252e+04
1.494000000000000057e+02 1.008907353621789480e+04
1.495000000000000000e+02 1.004074975393160821e+04
1.495999999999999943e+02 1.019338724057667605e+04
1.497000000000000171e+02 1.005833304396101812e+04
1.498000000000000114e+02 1.009345534015382873e+04
1.499000000000000057e+02 1.009955829134295709e+04
